-14.55 -14.99
-14.54 -14.97
-14.53 -14.95
-14.52 -14.94
-14.51 -14.92
-14.5 -14.9
-14.49 -14.88
-14.48 -14.86
-14.47 -14.85
-14.46 -14.83
-14.45 -14.81
-14.44 -14.79
-14.43 -14.78
-14.42 -14.76
-14.41 -14.74
-14.4 -14.72
-14.39 -14.7
-14.38 -14.69
-14.37 -14.67
-14.36 -14.65
-14.35 -14.63
-14.34 -14.61
-14.33 -14.59
-14.32 -14.56
-14.31 -14.54
-14.3 -14.52
-14.29 -14.5
-14.28 -14.47
-14.27 -14.45
-14.26 -14.43
-14.25 -14.4
-14.24 -14.38
-14.23 -14.36
-14.22 -14.33
-14.21 -14.31
-14.2 -14.29
-14.19 -14.27
-14.18 -14.24
-14.17 -14.22
-14.16 -14.2
-14.15 -14.17
-14.14 -14.15
-14.13 -14.13
-14.12 -14.1
-14.11 -14.08
-14.1 -14.06
-14.09 -14.04
-14.08 -14.02
-14.07 -14
-14.06 -13.99
-14.05 -13.97
-14.04 -13.95
-14.03 -13.94
-14.02 -13.92
-14.01 -13.9
-14 -13.89
-13.99 -13.87
-13.98 -13.85
-13.97 -13.84
-13.96 -13.82
-13.95 -13.8
-13.94 -13.78
-13.93 -13.77
-13.92 -13.75
-13.91 -13.73
-13.9 -13.72
-13.89 -13.7
-13.88 -13.68
-13.87 -13.65
-13.86 -13.63
-13.85 -13.61
-13.84 -13.58
-13.83 -13.55
-13.82 -13.52
-13.81 -13.49
-13.8 -13.46
-13.79 -13.43
-13.78 -13.4
-13.77 -13.37
-13.76 -13.33
-13.75 -13.3
-13.74 -13.27
-13.73 -13.24
-13.72 -13.21
-13.71 -13.18
-13.7 -13.15
-13.69 -13.12
-13.68 -13.09
-13.67 -13.06
-13.66 -13.03
-13.65 -12.99
-13.64 -12.96
-13.63 -12.93
-13.62 -12.9
-13.61 -12.87
-13.6 -12.84
-13.59 -12.81
-13.58 -12.78
-13.57 -12.75
-13.56 -12.72
-13.55 -12.69
-13.54 -12.67
-13.53 -12.64
-13.52 -12.62
-13.51 -12.6
-13.5 -12.57
-13.49 -12.56
-13.48 -12.54
-13.47 -12.52
-13.46 -12.5
-13.45 -12.49
-13.44 -12.47
-13.43 -12.45
-13.42 -12.43
-13.41 -12.42
-13.4 -12.4
-13.39 -12.38
-13.38 -12.36
-13.37 -12.34
-13.36 -12.33
-13.35 -12.31
-13.34 -12.29
-13.33 -12.27
-13.32 -12.26
-13.31 -12.24
-13.3 -12.22
-13.29 -12.2
-13.28 -12.19
-13.27 -12.17
-13.26 -12.15
-13.25 -12.13
-13.24 -12.12
-13.23 -12.1
-13.22 -12.08
-13.21 -12.06
-13.2 -12.04
-13.19 -12.03
-13.18 -12.01
-13.17 -11.99
-13.16 -11.97
-13.15 -11.96
-13.14 -11.94
-13.13 -11.92
-13.12 -11.9
-13.11 -11.89
-13.1 -11.87
-13.09 -11.85
-13.08 -11.83
-13.07 -11.82
-13.06 -11.8
-13.05 -11.78
-13.04 -11.76
-13.03 -11.74
-13.02 -11.73
-13.01 -11.71
-13 -11.69
-12.99 -11.66
-12.98 -11.64
-12.97 -11.62
-12.96 -11.6
-12.95 -11.58
-12.94 -11.56
-12.93 -11.53
-12.92 -11.51
-12.91 -11.48
-12.9 -11.45
-12.89 -11.42
-12.88 -11.39
-12.87 -11.37
-12.86 -11.35
-12.85 -11.33
-12.84 -11.31
-12.83 -11.29
-12.82 -11.27
-12.81 -11.25
-12.8 -11.23
-12.79 -11.21
-12.78 -11.19
-12.77 -11.17
-12.76 -11.15
-12.75 -11.13
-12.74 -11.11
-12.73 -11.09
-12.72 -11.07
-12.71 -11.05
-12.7 -11.03
-12.69 -11
-12.68 -10.97
-12.67 -10.95
-12.66 -10.93
-12.65 -10.91
-12.64 -10.89
-12.63 -10.87
-12.62 -10.85
-12.61 -10.83
-12.6 -10.82
-12.59 -10.79
-12.58 -10.77
-12.57 -10.74
-12.56 -10.71
-12.55 -10.68
-12.54 -10.66
-12.53 -10.63
-12.52 -10.6
-12.51 -10.58
-12.5 -10.55
-12.49 -10.52
-12.48 -10.49
-12.47 -10.47
-12.46 -10.44
-12.45 -10.41
-12.44 -10.39
-12.43 -10.36
-12.42 -10.33
-12.41 -10.3
-12.4 -10.28
-12.39 -10.25
-12.38 -10.22
-12.37 -10.19
-12.36 -10.17
-12.35 -10.15
-12.34 -10.12
-12.33 -10.1
-12.32 -10.08
-12.31 -10.05
-12.3 -10.03
-12.29 -10.01
-12.28 -9.99
-12.27 -9.96
-12.26 -9.93
-12.25 -9.9
-12.24 -9.87
-12.23 -9.84
-12.22 -9.81
-12.21 -9.78
-12.2 -9.75
-12.19 -9.72
-12.18 -9.7
-12.17 -9.68
-12.16 -9.66
-12.15 -9.64
-12.14 -9.61
-12.13 -9.59
-12.12 -9.58
-12.11 -9.56
-12.1 -9.54
-12.09 -9.52
-12.08 -9.5
-12.07 -9.48
-12.06 -9.46
-12.05 -9.45
-12.04 -9.43
-12.03 -9.41
-12.02 -9.39
-12.01 -9.37
-12 -9.35
-11.99 -9.33
-11.98 -9.32
-11.97 -9.3
-11.96 -9.28
-11.95 -9.26
-11.94 -9.24
-11.93 -9.22
-11.92 -9.2
-11.91 -9.18
-11.9 -9.17
-11.89 -9.15
-11.88 -9.13
-11.87 -9.11
-11.86 -9.09
-11.85 -9.07
-11.84 -9.05
-11.83 -9.04
-11.82 -9.02
-11.81 -9
-11.8 -8.98
-11.79 -8.96
-11.78 -8.94
-11.77 -8.92
-11.76 -8.9
-11.75 -8.88
-11.74 -8.86
-11.73 -8.84
-11.72 -8.82
-11.71 -8.8
-11.7 -8.78
-11.69 -8.76
-11.68 -8.74
-11.67 -8.72
-11.66 -8.7
-11.65 -8.68
-11.64 -8.66
-11.63 -8.64
-11.62 -8.62
-11.61 -8.6
-11.6 -8.58
-11.59 -8.56
-11.58 -8.54
-11.57 -8.52
-11.56 -8.5
-11.55 -8.48
-11.54 -8.46
-11.53 -8.44
-11.52 -8.42
-11.51 -8.39
-11.5 -8.37
-11.49 -8.34
-11.48 -8.32
-11.47 -8.29
-11.46 -8.27
-11.45 -8.25
-11.44 -8.22
-11.43 -8.2
-11.42 -8.17
-11.41 -8.15
-11.4 -8.12
-11.39 -8.1
-11.38 -8.07
-11.37 -8.04
-11.36 -8.02
-11.35 -7.99
-11.34 -7.97
-11.33 -7.95
-11.32 -7.93
-11.31 -7.91
-11.3 -7.88
-11.29 -7.86
-11.28 -7.83
-11.27 -7.81
-11.26 -7.79
-11.25 -7.76
-11.24 -7.74
-11.23 -7.71
-11.22 -7.69
-11.21 -7.66
-11.2 -7.64
-11.19 -7.62
-11.18 -7.59
-11.17 -7.57
-11.16 -7.54
-11.15 -7.52
-11.14 -7.49
-11.13 -7.47
-11.12 -7.45
-11.11 -7.42
-11.1 -7.4
-11.09 -7.37
-11.08 -7.35
-11.07 -7.32
-11.06 -7.3
-11.05 -7.28
-11.04 -7.25
-11.03 -7.23
-11.02 -7.2
-11.01 -7.18
-11 -7.16
-10.99 -7.14
-10.98 -7.12
-10.97 -7.1
-10.96 -7.07
-10.95 -7.05
-10.94 -7.03
-10.93 -7.01
-10.92 -6.98
-10.91 -6.94
-10.9 -6.91
-10.89 -6.89
-10.88 -6.86
-10.87 -6.84
-10.86 -6.81
-10.85 -6.79
-10.84 -6.77
-10.83 -6.74
-10.82 -6.72
-10.81 -6.68
-10.8 -6.65
-10.79 -6.62
-10.78 -6.59
-10.77 -6.56
-10.76 -6.53
-10.75 -6.5
-10.74 -6.47
-10.73 -6.42
-10.72 -6.37
-10.71 -6.32
-10.7 -6.3
-10.69 -6.28
-10.68 -6.26
-10.67 -6.23
-10.66 -6.21
-10.65 -6.19
-10.64 -6.17
-10.63 -6.14
-10.62 -6.12
-10.61 -6.1
-10.6 -6.08
-10.59 -6.02
-10.58 -6
-10.57 -5.98
-10.56 -5.95
-10.55 -5.91
-10.54 -5.89
-10.53 -5.87
-10.52 -5.84
-10.51 -5.82
-10.5 -5.8
-10.49 -5.77
-10.48 -5.75
-10.47 -5.73
-10.46 -5.71
-10.45 -5.68
-10.44 -5.66
-10.43 -5.64
-10.42 -5.61
-10.41 -5.59
-10.4 -5.57
-10.39 -5.55
-10.38 -5.52
-10.37 -5.5
-10.36 -5.48
-10.35 -5.45
-10.34 -5.43
-10.33 -5.41
-10.32 -5.39
-10.31 -5.36
-10.3 -5.34
-10.29 -5.32
-10.28 -5.29
-10.27 -5.27
-10.26 -5.25
-10.25 -5.21
-10.24 -5.16
-10.23 -5.11
-10.22 -5.06
-10.21 -5.01
-10.2 -4.96
-10.19 -4.93
-10.18 -4.9
-10.17 -4.87
-10.16 -4.84
-10.15 -4.8
-10.14 -4.75
-10.13 -4.71
-10.12 -4.66
-10.11 -4.61
-10.1 -4.57
-10.09 -4.52
-10.08 -4.47
-10.07 -4.43
-10.06 -4.38
-10.05 -4.34
-10.04 -4.29
-10.03 -4.24
-10.02 -4.2
-10.01 -4.15
-10 -4.11
-9.99 -4.06
-9.98 -4
-9.97 -3.93
-9.96 -3.88
-9.95 -3.84
-9.94 -3.8
-9.93 -3.75
-9.92 -3.71
-9.91 -3.67
-9.9 -3.51
-9.89 -3.43
-9.88 -3.4
-9.87 -3.36
-9.86 -3.3
-9.85 -3.27
-9.84 -3.23
-9.83 -3.14
-9.82 -3.05
-9.81 -2.96
-9.8 -2.91
-9.79 -2.86
-9.78 -2.81
-9.77 -2.77
-9.76 -2.72
-9.75 -2.67
-9.74 -2.63
-9.73 -2.58
-9.72 -2.38
-9.71 -2.21
-9.7 -2.04
-9.69 -0.05
-9.68 -0.04
-9.67 0.05
-9.66 0.16
-9.65 0.28
-9.64 0.59
-9.63 0.61
-9.62 0.63
-9.61 0.65
-9.6 0.67
-9.59 0.69
-9.58 0.71
-9.57 0.73
-9.56 0.75
-9.55 0.77
-9.54 0.79
-9.53 0.81
-9.52 0.83
-9.51 0.85
-9.5 0.87
-9.49 0.89
-9.48 0.9
-9.47 0.92
-9.46 0.93
-9.45 0.95
-9.44 0.96
-9.43 0.99
-9.42 1.1
-9.41 1.16
-9.4 1.23
-9.39 1.25
-9.38 1.26
-9.37 1.28
-9.36 1.3
-9.35 1.32
-9.34 1.33
-9.33 1.34
-9.32 1.36
-9.31 1.39
-9.3 1.41
-9.29 1.42
-9.28 1.43
-9.27 1.44
-9.26 1.45
-9.25 1.46
-9.24 1.47
-9.23 1.49
-9.22 1.5
-9.21 1.51
-9.2 1.53
-9.19 1.54
-9.18 1.57
-9.17 1.6
-9.16 1.63
-9.15 1.65
-9.14 1.67
-9.13 1.68
-9.12 1.69
-9.11 1.7
-9.1 1.71
-9.09 1.73
-9.08 1.75
-9.07 1.76
-9.06 1.78
-9.05 1.79
-9.04 1.81
-9.03 1.82
-9.02 1.84
-9.01 1.85
-9 1.87
-8.99 1.88
-8.98 1.9
-8.97 1.92
-8.96 1.92
-8.95 1.93
-8.94 1.93
-8.93 1.94
-8.92 1.95
-8.91 1.95
-8.9 1.96
-8.89 1.96
-8.88 1.97
-8.87 1.98
-8.86 1.99
-8.85 2.01
-8.84 2.02
-8.83 2.05
-8.82 2.07
-8.81 2.1
-8.8 2.12
-8.79 2.15
-8.78 2.18
-8.77 2.2
-8.76 2.21
-8.75 2.22
-8.74 2.23
-8.73 2.25
-8.72 2.28
-8.71 2.31
-8.7 2.34
-8.69 2.37
-8.68 2.4
-8.67 2.42
-8.66 2.43
-8.65 2.44
-8.64 2.45
-8.63 2.46
-8.62 2.47
-8.61 2.47
-8.6 2.48
-8.59 2.48
-8.58 2.49
-8.57 2.49
-8.56 2.5
-8.55 2.5
-8.54 2.5
-8.53 2.51
-8.52 2.51
-8.51 2.51
-8.5 2.52
-8.49 2.52
-8.48 2.53
-8.47 2.53
-8.46 2.54
-8.45 2.55
-8.44 2.56
-8.43 2.56
-8.42 2.56
-8.41 2.57
-8.4 2.57
-8.39 2.57
-8.38 2.57
-8.37 2.58
-8.36 2.58
-8.35 2.58
-8.34 2.58
-8.33 2.59
-8.32 2.59
-8.31 2.59
-8.3 2.59
-8.29 2.6
-8.28 2.6
-8.27 2.6
-8.26 2.61
-8.25 2.61
-8.24 2.61
-8.23 2.62
-8.22 2.62
-8.21 2.62
-8.2 2.63
-8.19 2.63
-8.18 2.64
-8.17 2.64
-8.16 2.64
-8.15 2.65
-8.14 2.65
-8.13 2.66
-8.12 2.67
-8.11 2.68
-8.1 2.69
-8.09 2.7
-8.08 2.71
-8.07 2.72
-8.06 2.73
-8.05 2.74
-8.04 2.75
-8.03 2.76
-8.02 2.77
-8.01 2.78
-8 2.79
-7.99 2.8
-7.98 2.81
-7.97 2.82
-7.96 2.83
-7.95 2.84
-7.94 2.85
-7.93 2.86
-7.92 2.87
-7.91 2.88
-7.9 2.89
-7.89 2.9
-7.88 2.91
-7.87 2.92
-7.86 2.93
-7.85 2.93
-7.84 2.94
-7.83 2.95
-7.82 2.96
-7.81 2.97
-7.8 2.98
-7.79 2.98
-7.78 2.99
-7.77 2.99
-7.76 2.99
-7.75 2.99
-7.74 2.99
-7.73 3
-7.72 3
-7.71 3
-7.7 3
-7.69 3.01
-7.68 3.01
-7.67 3.01
-7.66 3.01
-7.65 3.02
-7.64 3.02
-7.63 3.02
-7.62 3.02
-7.61 3.03
-7.6 3.03
-7.59 3.03
-7.58 3.03
-7.57 3.04
-7.56 3.04
-7.55 3.04
-7.54 3.04
-7.53 3.05
-7.52 3.05
-7.51 3.05
-7.5 3.05
-7.49 3.05
-7.48 3.05
-7.47 3.06
-7.46 3.06
-7.45 3.06
-7.44 3.07
-7.43 3.08
-7.42 3.08
-7.41 3.09
-7.4 3.09
-7.39 3.1
-7.38 3.1
-7.37 3.11
-7.36 3.12
-7.35 3.12
-7.34 3.13
-7.33 3.13
-7.32 3.14
-7.31 3.15
-7.3 3.16
-7.29 3.17
-7.28 3.18
-7.27 3.19
-7.26 3.19
-7.25 3.2
-7.24 3.2
-7.23 3.2
-7.22 3.21
-7.21 3.21
-7.2 3.21
-7.19 3.22
-7.18 3.22
-7.17 3.23
-7.16 3.23
-7.15 3.24
-7.14 3.24
-7.13 3.25
-7.12 3.26
-7.11 3.26
-7.1 3.27
-7.09 3.28
-7.08 3.29
-7.07 3.29
-7.06 3.3
-7.05 3.3
-7.04 3.3
-7.03 3.31
-7.02 3.31
-7.01 3.31
-7 3.31
-6.99 3.31
-6.98 3.31
-6.97 3.31
-6.96 3.31
-6.95 3.31
-6.94 3.31
-6.93 3.31
-6.92 3.31
-6.91 3.32
-6.9 3.32
-6.89 3.32
-6.88 3.32
-6.87 3.32
-6.86 3.33
-6.85 3.33
-6.84 3.32
-6.83 3.32
-6.82 3.32
-6.81 3.31
-6.8 3.31
-6.79 3.31
-6.78 3.3
-6.77 3.3
-6.76 3.3
-6.75 3.29
-6.74 3.3
-6.73 3.31
-6.72 3.31
-6.71 3.31
-6.7 3.31
-6.69 3.3
-6.68 3.3
-6.67 3.3
-6.66 3.3
-6.65 3.3
-6.64 3.31
-6.63 3.32
-6.62 3.32
-6.61 3.32
-6.6 3.33
-6.59 3.33
-6.58 3.33
-6.57 3.33
-6.56 3.34
-6.55 3.34
-6.54 3.34
-6.53 3.34
-6.52 3.34
-6.51 3.35
-6.5 3.35
-6.49 3.35
-6.48 3.36
-6.47 3.36
-6.46 3.37
-6.45 3.37
-6.44 3.37
-6.43 3.37
-6.42 3.37
-6.41 3.38
-6.4 3.39
-6.39 3.39
-6.38 3.4
-6.37 3.4
-6.36 3.41
-6.35 3.41
-6.34 3.42
-6.33 3.42
-6.32 3.43
-6.31 3.43
-6.3 3.44
-6.29 3.45
-6.28 3.45
-6.27 3.46
-6.26 3.46
-6.25 3.47
-6.24 3.47
-6.23 3.48
-6.22 3.48
-6.21 3.49
-6.2 3.49
-6.19 3.49
-6.18 3.49
-6.17 3.5
-6.16 3.5
-6.15 3.5
-6.14 3.5
-6.13 3.49
-6.12 3.49
-6.11 3.49
-6.1 3.49
-6.09 3.48
-6.08 3.48
-6.07 3.48
-6.06 3.48
-6.05 3.48
-6.04 3.48
-6.03 3.48
-6.02 3.47
-6.01 3.47
-6 3.46
-5.99 3.46
-5.98 3.46
-5.97 3.46
-5.96 3.46
-5.95 3.45
-5.94 3.45
-5.93 3.45
-5.92 3.45
-5.91 3.46
-5.9 3.46
-5.89 3.46
-5.88 3.47
-5.87 3.47
-5.86 3.47
-5.85 3.48
-5.84 3.48
-5.83 3.49
-5.82 3.49
-5.81 3.5
-5.8 3.51
-5.79 3.52
-5.78 3.52
-5.77 3.53
-5.76 3.54
-5.75 3.54
-5.74 3.54
-5.73 3.54
-5.72 3.53
-5.71 3.53
-5.7 3.53
-5.69 3.53
-5.68 3.53
-5.67 3.53
-5.66 3.53
-5.65 3.53
-5.64 3.53
-5.63 3.53
-5.62 3.53
-5.61 3.52
-5.6 3.52
-5.59 3.52
-5.58 3.51
-5.57 3.51
-5.56 3.51
-5.55 3.5
-5.54 3.5
-5.53 3.49
-5.52 3.49
-5.51 3.49
-5.5 3.49
-5.49 3.49
-5.48 3.49
-5.47 3.49
-5.46 3.49
-5.45 3.5
-5.44 3.5
-5.43 3.51
-5.42 3.51
-5.41 3.51
-5.4 3.52
-5.39 3.52
-5.38 3.51
-5.37 3.51
-5.36 3.5
-5.35 3.5
-5.34 3.49
-5.33 3.49
-5.32 3.48
-5.31 3.49
-5.3 3.49
-5.29 3.49
-5.28 3.49
-5.27 3.49
-5.26 3.48
-5.25 3.48
-5.24 3.47
-5.23 3.47
-5.22 3.46
-5.21 3.46
-5.2 3.45
-5.19 3.45
-5.18 3.44
-5.17 3.44
-5.16 3.43
-5.15 3.43
-5.14 3.42
-5.13 3.42
-5.12 3.41
-5.11 3.41
-5.1 3.4
-5.09 3.4
-5.08 3.39
-5.07 3.39
-5.06 3.39
-5.05 3.39
-5.04 3.39
-5.03 3.39
-5.02 3.39
-5.01 3.39
-5 3.39
-4.99 3.39
-4.98 3.39
-4.97 3.39
-4.96 3.39
-4.95 3.39
-4.94 3.39
-4.93 3.39
-4.92 3.39
-4.91 3.39
-4.9 3.39
-4.89 3.39
-4.88 3.39
-4.87 3.39
-4.86 3.39
-4.85 3.39
-4.84 3.39
-4.83 3.39
-4.82 3.39
-4.81 3.39
-4.8 3.39
-4.79 3.39
-4.78 3.39
-4.77 3.39
-4.76 3.4
-4.75 3.4
-4.74 3.4
-4.73 3.4
-4.72 3.4
-4.71 3.41
-4.7 3.41
-4.69 3.41
-4.68 3.41
-4.67 3.41
-4.66 3.42
-4.65 3.42
-4.64 3.42
-4.63 3.42
-4.62 3.42
-4.61 3.43
-4.6 3.43
-4.59 3.43
-4.58 3.43
-4.57 3.42
-4.56 3.42
-4.55 3.42
-4.54 3.42
-4.53 3.42
-4.52 3.42
-4.51 3.42
-4.5 3.42
-4.49 3.42
-4.48 3.42
-4.47 3.42
-4.46 3.42
-4.45 3.42
-4.44 3.41
-4.43 3.41
-4.42 3.41
-4.41 3.41
-4.4 3.41
-4.39 3.41
-4.38 3.42
-4.37 3.42
-4.36 3.42
-4.35 3.42
-4.34 3.42
-4.33 3.42
-4.32 3.42
-4.31 3.42
-4.3 3.41
-4.29 3.41
-4.28 3.41
-4.27 3.41
-4.26 3.41
-4.25 3.4
-4.24 3.4
-4.23 3.4
-4.22 3.4
-4.21 3.4
-4.2 3.4
-4.19 3.41
-4.18 3.41
-4.17 3.41
-4.16 3.41
-4.15 3.42
-4.14 3.42
-4.13 3.42
-4.12 3.42
-4.11 3.43
-4.1 3.43
-4.09 3.43
-4.08 3.43
-4.07 3.44
-4.06 3.43
-4.05 3.43
-4.04 3.43
-4.03 3.42
-4.02 3.42
-4.01 3.41
-4 3.41
-3.99 3.4
-3.98 3.4
-3.97 3.39
-3.96 3.39
-3.95 3.38
-3.94 3.38
-3.93 3.38
-3.92 3.38
-3.91 3.38
-3.9 3.38
-3.89 3.38
-3.88 3.38
-3.87 3.38
-3.86 3.39
-3.85 3.39
-3.84 3.39
-3.83 3.39
-3.82 3.39
-3.81 3.39
-3.8 3.4
-3.79 3.4
-3.78 3.4
-3.77 3.4
-3.76 3.4
-3.75 3.4
-3.74 3.39
-3.73 3.39
-3.72 3.39
-3.71 3.39
-3.7 3.38
-3.69 3.38
-3.68 3.38
-3.67 3.38
-3.66 3.38
-3.65 3.38
-3.64 3.38
-3.63 3.39
-3.62 3.39
-3.61 3.39
-3.6 3.39
-3.59 3.4
-3.58 3.4
-3.57 3.4
-3.56 3.4
-3.55 3.4
-3.54 3.4
-3.53 3.4
-3.52 3.4
-3.51 3.4
-3.5 3.4
-3.49 3.4
-3.48 3.41
-3.47 3.41
-3.46 3.41
-3.45 3.41
-3.44 3.41
-3.43 3.41
-3.42 3.41
-3.41 3.41
-3.4 3.41
-3.39 3.41
-3.38 3.41
-3.37 3.41
-3.36 3.41
-3.35 3.41
-3.34 3.41
-3.33 3.41
-3.32 3.41
-3.31 3.41
-3.3 3.4
-3.29 3.4
-3.28 3.4
-3.27 3.39
-3.26 3.39
-3.25 3.39
-3.24 3.39
-3.23 3.38
-3.22 3.38
-3.21 3.38
-3.2 3.37
-3.19 3.38
-3.18 3.38
-3.17 3.38
-3.16 3.38
-3.15 3.38
-3.14 3.38
-3.13 3.37
-3.12 3.37
-3.11 3.37
-3.1 3.37
-3.09 3.37
-3.08 3.37
-3.07 3.37
-3.06 3.37
-3.05 3.37
-3.04 3.38
-3.03 3.38
-3.02 3.38
-3.01 3.37
-3 3.37
-2.99 3.37
-2.98 3.37
-2.97 3.37
-2.96 3.36
-2.95 3.36
-2.94 3.35
-2.93 3.35
-2.92 3.34
-2.91 3.33
-2.9 3.32
-2.89 3.32
-2.88 3.31
-2.87 3.3
-2.86 3.29
-2.85 3.29
-2.84 3.28
-2.83 3.27
-2.82 3.26
-2.81 3.26
-2.8 3.25
-2.79 3.24
-2.78 3.24
-2.77 3.23
-2.76 3.23
-2.75 3.23
-2.74 3.23
-2.73 3.22
-2.72 3.22
-2.71 3.22
-2.7 3.21
-2.69 3.21
-2.68 3.21
-2.67 3.2
-2.66 3.19
-2.65 3.19
-2.64 3.18
-2.63 3.18
-2.62 3.18
-2.61 3.17
-2.6 3.16
-2.59 3.15
-2.58 3.14
-2.57 3.13
-2.56 3.12
-2.55 3.12
-2.54 3.11
-2.53 3.1
-2.52 3.1
-2.51 3.09
-2.5 3.09
-2.49 3.09
-2.48 3.09
-2.47 3.08
-2.46 3.08
-2.45 3.08
-2.44 3.07
-2.43 3.07
-2.42 3.07
-2.41 3.07
-2.4 3.07
-2.39 3.07
-2.38 3.07
-2.37 3.07
-2.36 3.06
-2.35 3.06
-2.34 3.06
-2.33 3.06
-2.32 3.06
-2.31 3.06
-2.3 3.06
-2.29 3.06
-2.28 3.06
-2.27 3.05
-2.26 3.05
-2.25 3.05
-2.24 3.05
-2.23 3.05
-2.22 3.05
-2.21 3.04
-2.2 3.04
-2.19 3.04
-2.18 3.04
-2.17 3.04
-2.16 3.04
-2.15 3.04
-2.14 3.04
-2.13 3.03
-2.12 3.03
-2.11 3.03
-2.1 3.03
-2.09 3.02
-2.08 3.02
-2.07 3.02
-2.06 3.01
-2.05 3.01
-2.04 3
-2.03 2.99
-2.02 2.98
-2.01 2.97
-2 2.97
-1.99 2.96
-1.98 2.95
-1.97 2.95
-1.96 2.95
-1.95 2.95
-1.94 2.94
-1.93 2.94
-1.92 2.94
-1.91 2.94
-1.9 2.93
-1.89 2.93
-1.88 2.93
-1.87 2.93
-1.86 2.92
-1.85 2.92
-1.84 2.92
-1.83 2.91
-1.82 2.91
-1.81 2.9
-1.8 2.9
-1.79 2.89
-1.78 2.89
-1.77 2.89
-1.76 2.87
-1.75 2.85
-1.74 2.83
-1.73 2.81
-1.72 2.8
-1.71 2.78
-1.7 2.77
-1.69 2.76
-1.68 2.75
-1.67 2.74
-1.66 2.72
-1.65 2.71
-1.64 2.7
-1.63 2.7
-1.62 2.69
-1.61 2.69
-1.6 2.69
-1.59 2.69
-1.58 2.68
-1.57 2.68
-1.56 2.68
-1.55 2.68
-1.54 2.67
-1.53 2.67
-1.52 2.67
-1.51 2.66
-1.5 2.66
-1.49 2.66
-1.48 2.66
-1.47 2.65
-1.46 2.63
-1.45 2.62
-1.44 2.61
-1.43 2.59
-1.42 2.58
-1.41 2.56
-1.4 2.55
-1.39 2.53
-1.38 2.5
-1.37 2.47
-1.36 2.44
-1.35 2.41
-1.34 2.4
-1.33 2.4
-1.32 2.4
-1.31 2.39
-1.3 2.39
-1.29 2.38
-1.28 2.38
-1.27 2.37
-1.26 2.37
-1.25 2.37
-1.24 2.36
-1.23 2.35
-1.22 2.33
-1.21 2.32
-1.2 2.3
-1.19 2.29
-1.18 2.27
-1.17 2.26
-1.16 2.25
-1.15 2.24
-1.14 2.23
-1.13 2.22
-1.12 2.21
-1.11 2.19
-1.1 2.18
-1.09 2.14
-1.08 2.12
-1.07 2.09
-1.06 2.04
-1.05 1.99
-1.04 1.98
-1.03 1.97
-1.02 1.96
-1.01 1.95
-1 1.94
-0.99 1.92
-0.98 1.91
-0.97 1.9
-0.96 1.88
-0.95 1.87
-0.94 1.86
-0.93 1.84
-0.92 1.83
-0.91 1.82
-0.9 1.8
-0.89 1.79
-0.88 1.77
-0.87 1.76
-0.86 1.75
-0.85 1.73
-0.84 1.72
-0.83 1.71
-0.82 1.69
-0.81 1.68
-0.8 1.67
-0.79 1.64
-0.78 1.61
-0.77 1.58
-0.76 1.54
-0.75 1.51
-0.74 1.5
-0.73 1.5
-0.72 1.48
-0.71 1.45
-0.7 1.42
-0.69 1.39
-0.68 1.36
-0.67 1.33
-0.66 1.28
-0.65 1.26
-0.64 1.24
-0.63 1.22
-0.62 1.19
-0.61 1.17
-0.6 1.14
-0.59 1.11
-0.58 1.02
-0.57 1
-0.56 0.99
-0.55 0.97
-0.54 0.94
-0.53 0.91
-0.52 0.9
-0.51 0.89
-0.5 0.86
-0.49 0.83
-0.48 0.8
-0.47 0.77
-0.46 0.75
-0.45 0.72
-0.44 0.53
-0.43 0.48
-0.42 0.46
-0.41 0.45
-0.4 0.44
-0.39 0.43
-0.38 0.4
-0.37 0.39
-0.36 0.38
-0.35 0.37
-0.34 0.37
-0.33 0.36
-0.32 0.35
-0.31 0.34
-0.3 0.33
-0.29 0.32
-0.28 0.31
-0.27 0.3
-0.26 0.29
-0.25 0.27
-0.24 0.26
-0.23 0.24
-0.22 0.22
-0.21 0.21
-0.2 0.18
-0.19 0.13
-0.18 0.04
-0.17 0.02
-0.16 0
-0.15 -0.02
-0.14 -0.04
-0.13 -0.06
-0.12 -0.08
-0.11 -0.14
-0.1 -0.17
-0.09 -0.19
-0.08 -0.21
-0.07 -0.23
-0.06 -0.25
-0.05 -0.26
-0.04 -0.27
-0.03 -0.28
-0.02 -0.28
-0.01 -0.29
3.26936e-13 -0.3
0.01 -0.31
0.02 -0.32
0.03 -0.33
0.04 -0.35
0.05 -0.36
0.06 -0.38
0.07 -0.42
0.08 -0.45
0.09 -0.49
0.1 -0.53
0.11 -0.56
0.12 -0.58
0.13 -0.6
0.14 -0.67
0.15 -0.71
0.16 -0.73
0.17 -0.75
0.18 -0.76
0.19 -0.79
0.2 -0.82
0.21 -0.86
0.22 -0.89
0.23 -0.92
0.24 -0.94
0.25 -0.96
0.26 -0.97
0.27 -0.99
0.28 -1
0.29 -1.02
0.3 -1.03
0.31 -1.05
0.32 -1.07
0.33 -1.08
0.34 -1.11
0.35 -1.12
0.36 -1.13
0.37 -1.14
0.38 -1.14
0.39 -1.15
0.4 -1.16
0.41 -1.17
0.42 -1.18
0.43 -1.18
0.44 -1.19
0.45 -1.31
0.46 -1.32
0.47 -1.34
0.48 -1.36
0.49 -1.38
0.5 -1.39
0.51 -1.44
0.52 -1.47
0.53 -1.49
0.54 -1.51
0.55 -1.53
0.56 -1.54
0.57 -1.55
0.58 -1.55
0.59 -1.56
0.6 -1.57
0.61 -1.59
0.62 -1.6
0.63 -1.61
0.64 -1.62
0.65 -1.63
0.66 -1.64
0.67 -1.65
0.68 -1.65
0.69 -1.66
0.7 -1.67
0.71 -1.68
0.72 -1.69
0.73 -1.7
0.74 -1.71
0.75 -1.72
0.76 -1.73
0.77 -1.75
0.78 -1.77
0.79 -1.79
0.8 -1.8
0.81 -1.82
0.82 -1.83
0.83 -1.85
0.84 -1.87
0.85 -1.89
0.86 -1.91
0.87 -1.93
0.88 -1.94
0.89 -1.95
0.9 -1.96
0.91 -1.97
0.92 -1.98
0.93 -1.99
0.94 -1.99
0.95 -2.01
0.96 -2.04
0.97 -2.07
0.98 -2.09
0.99 -2.12
1 -2.14
1.01 -2.17
1.02 -2.19
1.03 -2.22
1.04 -2.24
1.05 -2.27
1.06 -2.29
1.07 -2.3
1.08 -2.3
1.09 -2.31
1.1 -2.32
1.11 -2.33
1.12 -2.34
1.13 -2.35
1.14 -2.36
1.15 -2.36
1.16 -2.37
1.17 -2.38
1.18 -2.39
1.19 -2.4
1.2 -2.41
1.21 -2.42
1.22 -2.42
1.23 -2.44
1.24 -2.46
1.25 -2.48
1.26 -2.5
1.27 -2.52
1.28 -2.54
1.29 -2.56
1.3 -2.58
1.31 -2.58
1.32 -2.59
1.33 -2.6
1.34 -2.62
1.35 -2.63
1.36 -2.64
1.37 -2.65
1.38 -2.67
1.39 -2.68
1.4 -2.69
1.41 -2.7
1.42 -2.71
1.43 -2.72
1.44 -2.73
1.45 -2.73
1.46 -2.74
1.47 -2.74
1.48 -2.75
1.49 -2.75
1.5 -2.76
1.51 -2.77
1.52 -2.78
1.53 -2.8
1.54 -2.81
1.55 -2.83
1.56 -2.84
1.57 -2.85
1.58 -2.86
1.59 -2.87
1.6 -2.88
1.61 -2.89
1.62 -2.9
1.63 -2.91
1.64 -2.92
1.65 -2.93
1.66 -2.94
1.67 -2.95
1.68 -2.96
1.69 -2.97
1.7 -2.98
1.71 -2.99
1.72 -3
1.73 -3
1.74 -3.01
1.75 -3.01
1.76 -3.02
1.77 -3.03
1.78 -3.03
1.79 -3.04
1.8 -3.04
1.81 -3.05
1.82 -3.05
1.83 -3.06
1.84 -3.06
1.85 -3.06
1.86 -3.07
1.87 -3.07
1.88 -3.07
1.89 -3.08
1.9 -3.08
1.91 -3.08
1.92 -3.08
1.93 -3.09
1.94 -3.09
1.95 -3.09
1.96 -3.1
1.97 -3.1
1.98 -3.1
1.99 -3.11
2 -3.12
2.01 -3.13
2.02 -3.14
2.03 -3.15
2.04 -3.16
2.05 -3.17
2.06 -3.18
2.07 -3.18
2.08 -3.19
2.09 -3.19
2.1 -3.19
2.11 -3.2
2.12 -3.2
2.13 -3.21
2.14 -3.21
2.15 -3.22
2.16 -3.22
2.17 -3.22
2.18 -3.23
2.19 -3.23
2.2 -3.24
2.21 -3.24
2.22 -3.25
2.23 -3.25
2.24 -3.25
2.25 -3.26
2.26 -3.26
2.27 -3.26
2.28 -3.27
2.29 -3.27
2.3 -3.27
2.31 -3.28
2.32 -3.28
2.33 -3.28
2.34 -3.29
2.35 -3.29
2.36 -3.3
2.37 -3.31
2.38 -3.31
2.39 -3.32
2.4 -3.33
2.41 -3.33
2.42 -3.34
2.43 -3.34
2.44 -3.34
2.45 -3.34
2.46 -3.35
2.47 -3.35
2.48 -3.35
2.49 -3.35
2.5 -3.36
2.51 -3.35
2.52 -3.35
2.53 -3.35
2.54 -3.35
2.55 -3.35
2.56 -3.35
2.57 -3.35
2.58 -3.35
2.59 -3.35
2.6 -3.35
2.61 -3.36
2.62 -3.36
2.63 -3.37
2.64 -3.37
2.65 -3.38
2.66 -3.38
2.67 -3.38
2.68 -3.39
2.69 -3.39
2.7 -3.4
2.71 -3.4
2.72 -3.4
2.73 -3.39
2.74 -3.39
2.75 -3.39
2.76 -3.39
2.77 -3.39
2.78 -3.39
2.79 -3.4
2.8 -3.4
2.81 -3.4
2.82 -3.41
2.83 -3.41
2.84 -3.42
2.85 -3.43
2.86 -3.43
2.87 -3.44
2.88 -3.43
2.89 -3.43
2.9 -3.43
2.91 -3.43
2.92 -3.43
2.93 -3.43
2.94 -3.43
2.95 -3.43
2.96 -3.44
2.97 -3.44
2.98 -3.44
2.99 -3.44
3 -3.44
3.01 -3.44
3.02 -3.44
3.03 -3.45
3.04 -3.45
3.05 -3.46
3.06 -3.46
3.07 -3.46
3.08 -3.47
3.09 -3.47
3.1 -3.47
3.11 -3.48
3.12 -3.48
3.13 -3.48
3.14 -3.48
3.15 -3.48
3.16 -3.48
3.17 -3.48
3.18 -3.48
3.19 -3.48
3.2 -3.48
3.21 -3.48
3.22 -3.48
3.23 -3.47
3.24 -3.47
3.25 -3.48
3.26 -3.48
3.27 -3.48
3.28 -3.47
3.29 -3.47
3.3 -3.47
3.31 -3.46
3.32 -3.46
3.33 -3.46
3.34 -3.45
3.35 -3.45
3.36 -3.45
3.37 -3.44
3.38 -3.44
3.39 -3.44
3.4 -3.44
3.41 -3.43
3.42 -3.43
3.43 -3.43
3.44 -3.43
3.45 -3.42
3.46 -3.42
3.47 -3.42
3.48 -3.42
3.49 -3.42
3.5 -3.42
3.51 -3.43
3.52 -3.43
3.53 -3.43
3.54 -3.44
3.55 -3.44
3.56 -3.44
3.57 -3.44
3.58 -3.45
3.59 -3.45
3.6 -3.44
3.61 -3.44
3.62 -3.44
3.63 -3.44
3.64 -3.44
3.65 -3.44
3.66 -3.44
3.67 -3.44
3.68 -3.44
3.69 -3.44
3.7 -3.44
3.71 -3.44
3.72 -3.44
3.73 -3.44
3.74 -3.44
3.75 -3.44
3.76 -3.44
3.77 -3.44
3.78 -3.44
3.79 -3.45
3.8 -3.46
3.81 -3.47
3.82 -3.47
3.83 -3.48
3.84 -3.48
3.85 -3.48
3.86 -3.47
3.87 -3.47
3.88 -3.47
3.89 -3.47
3.9 -3.47
3.91 -3.47
3.92 -3.47
3.93 -3.47
3.94 -3.47
3.95 -3.46
3.96 -3.46
3.97 -3.45
3.98 -3.45
3.99 -3.45
4 -3.45
4.01 -3.45
4.02 -3.44
4.03 -3.44
4.04 -3.44
4.05 -3.44
4.06 -3.44
4.07 -3.44
4.08 -3.44
4.09 -3.44
4.1 -3.45
4.11 -3.44
4.12 -3.43
4.13 -3.43
4.14 -3.42
4.15 -3.42
4.16 -3.42
4.17 -3.42
4.18 -3.42
4.19 -3.42
4.2 -3.43
4.21 -3.44
4.22 -3.44
4.23 -3.45
4.24 -3.45
4.25 -3.45
4.26 -3.45
4.27 -3.46
4.28 -3.46
4.29 -3.47
4.3 -3.47
4.31 -3.47
4.32 -3.48
4.33 -3.48
4.34 -3.48
4.35 -3.48
4.36 -3.49
4.37 -3.49
4.38 -3.49
4.39 -3.49
4.4 -3.49
4.41 -3.49
4.42 -3.49
4.43 -3.48
4.44 -3.48
4.45 -3.48
4.46 -3.49
4.47 -3.49
4.48 -3.49
4.49 -3.49
4.5 -3.5
4.51 -3.5
4.52 -3.5
4.53 -3.51
4.54 -3.51
4.55 -3.51
4.56 -3.51
4.57 -3.51
4.58 -3.52
4.59 -3.52
4.6 -3.52
4.61 -3.52
4.62 -3.52
4.63 -3.52
4.64 -3.52
4.65 -3.52
4.66 -3.52
4.67 -3.53
4.68 -3.53
4.69 -3.53
4.7 -3.53
4.71 -3.53
4.72 -3.53
4.73 -3.53
4.74 -3.53
4.75 -3.53
4.76 -3.54
4.77 -3.54
4.78 -3.54
4.79 -3.54
4.8 -3.54
4.81 -3.54
4.82 -3.54
4.83 -3.54
4.84 -3.54
4.85 -3.54
4.86 -3.55
4.87 -3.55
4.88 -3.55
4.89 -3.55
4.9 -3.55
4.91 -3.54
4.92 -3.54
4.93 -3.54
4.94 -3.54
4.95 -3.54
4.96 -3.54
4.97 -3.54
4.98 -3.54
4.99 -3.55
5 -3.55
5.01 -3.55
5.02 -3.55
5.03 -3.55
5.04 -3.55
5.05 -3.55
5.06 -3.55
5.07 -3.55
5.08 -3.56
5.09 -3.56
5.1 -3.56
5.11 -3.56
5.12 -3.55
5.13 -3.55
5.14 -3.55
5.15 -3.55
5.16 -3.55
5.17 -3.55
5.18 -3.54
5.19 -3.54
5.2 -3.54
5.21 -3.54
5.22 -3.53
5.23 -3.53
5.24 -3.52
5.25 -3.52
5.26 -3.52
5.27 -3.52
5.28 -3.52
5.29 -3.52
5.3 -3.52
5.31 -3.52
5.32 -3.52
5.33 -3.52
5.34 -3.52
5.35 -3.52
5.36 -3.52
5.37 -3.53
5.38 -3.53
5.39 -3.54
5.4 -3.54
5.41 -3.54
5.42 -3.54
5.43 -3.54
5.44 -3.53
5.45 -3.53
5.46 -3.52
5.47 -3.52
5.48 -3.51
5.49 -3.51
5.5 -3.51
5.51 -3.51
5.52 -3.5
5.53 -3.5
5.54 -3.5
5.55 -3.5
5.56 -3.49
5.57 -3.49
5.58 -3.49
5.59 -3.49
5.6 -3.48
5.61 -3.48
5.62 -3.48
5.63 -3.48
5.64 -3.49
5.65 -3.49
5.66 -3.49
5.67 -3.49
5.68 -3.5
5.69 -3.5
5.7 -3.5
5.71 -3.5
5.72 -3.51
5.73 -3.51
5.74 -3.51
5.75 -3.52
5.76 -3.52
5.77 -3.52
5.78 -3.52
5.79 -3.53
5.8 -3.53
5.81 -3.53
5.82 -3.53
5.83 -3.54
5.84 -3.54
5.85 -3.54
5.86 -3.55
5.87 -3.55
5.88 -3.54
5.89 -3.54
5.9 -3.53
5.91 -3.53
5.92 -3.53
5.93 -3.52
5.94 -3.52
5.95 -3.52
5.96 -3.51
5.97 -3.51
5.98 -3.51
5.99 -3.51
6 -3.52
6.01 -3.52
6.02 -3.53
6.03 -3.53
6.04 -3.53
6.05 -3.53
6.06 -3.52
6.07 -3.52
6.08 -3.52
6.09 -3.51
6.1 -3.5
6.11 -3.5
6.12 -3.49
6.13 -3.49
6.14 -3.48
6.15 -3.49
6.16 -3.49
6.17 -3.5
6.18 -3.5
6.19 -3.5
6.2 -3.5
6.21 -3.5
6.22 -3.5
6.23 -3.5
6.24 -3.5
6.25 -3.5
6.26 -3.5
6.27 -3.51
6.28 -3.51
6.29 -3.51
6.3 -3.5
6.31 -3.5
6.32 -3.5
6.33 -3.49
6.34 -3.49
6.35 -3.49
6.36 -3.49
6.37 -3.49
6.38 -3.49
6.39 -3.49
6.4 -3.49
6.41 -3.49
6.42 -3.49
6.43 -3.49
6.44 -3.49
6.45 -3.48
6.46 -3.48
6.47 -3.48
6.48 -3.48
6.49 -3.48
6.5 -3.48
6.51 -3.47
6.52 -3.47
6.53 -3.47
6.54 -3.47
6.55 -3.47
6.56 -3.47
6.57 -3.46
6.58 -3.46
6.59 -3.46
6.6 -3.46
6.61 -3.46
6.62 -3.46
6.63 -3.45
6.64 -3.45
6.65 -3.45
6.66 -3.45
6.67 -3.45
6.68 -3.45
6.69 -3.44
6.7 -3.44
6.71 -3.44
6.72 -3.44
6.73 -3.44
6.74 -3.43
6.75 -3.43
6.76 -3.43
6.77 -3.43
6.78 -3.43
6.79 -3.43
6.8 -3.42
6.81 -3.42
6.82 -3.42
6.83 -3.42
6.84 -3.42
6.85 -3.41
6.86 -3.41
6.87 -3.41
6.88 -3.41
6.89 -3.4
6.9 -3.4
6.91 -3.4
6.92 -3.39
6.93 -3.39
6.94 -3.38
6.95 -3.38
6.96 -3.38
6.97 -3.38
6.98 -3.38
6.99 -3.39
7 -3.39
7.01 -3.39
7.02 -3.39
7.03 -3.39
7.04 -3.38
7.05 -3.38
7.06 -3.38
7.07 -3.38
7.08 -3.38
7.09 -3.38
7.1 -3.37
7.11 -3.37
7.12 -3.37
7.13 -3.37
7.14 -3.37
7.15 -3.37
7.16 -3.37
7.17 -3.37
7.18 -3.37
7.19 -3.37
7.2 -3.37
7.21 -3.37
7.22 -3.37
7.23 -3.37
7.24 -3.37
7.25 -3.36
7.26 -3.36
7.27 -3.36
7.28 -3.35
7.29 -3.34
7.3 -3.33
7.31 -3.32
7.32 -3.31
7.33 -3.31
7.34 -3.3
7.35 -3.29
7.36 -3.28
7.37 -3.27
7.38 -3.26
7.39 -3.25
7.4 -3.24
7.41 -3.24
7.42 -3.23
7.43 -3.22
7.44 -3.22
7.45 -3.21
7.46 -3.21
7.47 -3.2
7.48 -3.19
7.49 -3.18
7.5 -3.18
7.51 -3.18
7.52 -3.17
7.53 -3.17
7.54 -3.17
7.55 -3.17
7.56 -3.17
7.57 -3.17
7.58 -3.17
7.59 -3.17
7.6 -3.17
7.61 -3.17
7.62 -3.17
7.63 -3.17
7.64 -3.17
7.65 -3.17
7.66 -3.16
7.67 -3.16
7.68 -3.16
7.69 -3.16
7.7 -3.16
7.71 -3.16
7.72 -3.16
7.73 -3.16
7.74 -3.16
7.75 -3.16
7.76 -3.16
7.77 -3.16
7.78 -3.15
7.79 -3.15
7.8 -3.15
7.81 -3.15
7.82 -3.15
7.83 -3.15
7.84 -3.15
7.85 -3.15
7.86 -3.15
7.87 -3.14
7.88 -3.14
7.89 -3.14
7.9 -3.13
7.91 -3.13
7.92 -3.12
7.93 -3.11
7.94 -3.1
7.95 -3.1
7.96 -3.09
7.97 -3.08
7.98 -3.08
7.99 -3.07
8 -3.06
8.01 -3.05
8.02 -3.05
8.03 -3.04
8.04 -3.04
8.05 -3.03
8.06 -3.03
8.07 -3.03
8.08 -3.03
8.09 -3.03
8.1 -3.03
8.11 -3.03
8.12 -3.03
8.13 -3.03
8.14 -3.03
8.15 -3.03
8.16 -3.02
8.17 -3.02
8.18 -3.01
8.19 -3
8.2 -2.99
8.21 -2.98
8.22 -2.96
8.23 -2.94
8.24 -2.93
8.25 -2.92
8.26 -2.91
8.27 -2.9
8.28 -2.9
8.29 -2.9
8.3 -2.89
8.31 -2.89
8.32 -2.88
8.33 -2.88
8.34 -2.87
8.35 -2.87
8.36 -2.86
8.37 -2.86
8.38 -2.86
8.39 -2.85
8.4 -2.85
8.41 -2.84
8.42 -2.84
8.43 -2.84
8.44 -2.83
8.45 -2.83
8.46 -2.83
8.47 -2.82
8.48 -2.81
8.49 -2.8
8.5 -2.78
8.51 -2.77
8.52 -2.75
8.53 -2.74
8.54 -2.73
8.55 -2.72
8.56 -2.72
8.57 -2.71
8.58 -2.71
8.59 -2.7
8.6 -2.7
8.61 -2.69
8.62 -2.69
8.63 -2.68
8.64 -2.67
8.65 -2.67
8.66 -2.66
8.67 -2.66
8.68 -2.65
8.69 -2.65
8.7 -2.64
8.71 -2.63
8.72 -2.63
8.73 -2.62
8.74 -2.62
8.75 -2.61
8.76 -2.6
8.77 -2.59
8.78 -2.57
8.79 -2.56
8.8 -2.54
8.81 -2.53
8.82 -2.51
8.83 -2.49
8.84 -2.47
8.85 -2.46
8.86 -2.45
8.87 -2.44
8.88 -2.42
8.89 -2.41
8.9 -2.4
8.91 -2.38
8.92 -2.37
8.93 -2.35
8.94 -2.34
8.95 -2.32
8.96 -2.31
8.97 -2.29
8.98 -2.28
8.99 -2.26
9 -2.25
9.01 -2.24
9.02 -2.24
9.03 -2.23
9.04 -2.22
9.05 -2.19
9.06 -2.16
9.07 -2.13
9.08 -2.1
9.09 -2.07
9.1 -2.04
9.11 -2.01
9.12 -1.99
9.13 -1.97
9.14 -1.96
9.15 -1.95
9.16 -1.93
9.17 -1.91
9.18 -1.9
9.19 -1.88
9.2 -1.87
9.21 -1.85
9.22 -1.84
9.23 -1.82
9.24 -1.79
9.25 -1.75
9.26 -1.72
9.27 -1.7
9.28 -1.69
9.29 -1.68
9.3 -1.67
9.31 -1.66
9.32 -1.65
9.33 -1.61
9.34 -1.56
9.35 -1.53
9.36 -1.26
9.37 -1.24
9.38 -1.22
9.39 -1.2
9.4 -1.17
9.41 -1.15
9.42 -1.13
9.43 -1.12
9.44 -1.11
9.45 -1.1
9.46 -1.09
9.47 -1.08
9.48 -1.07
9.49 -1.05
9.5 -0.9
9.51 -0.86
9.52 -0.77
9.53 -0.75
9.54 -0.73
9.55 -0.7
9.56 -0.67
9.57 -0.63
9.58 -0.58
9.59 -0.54
9.6 -0.5
9.61 -0.46
9.62 -0.43
9.63 -0.42
9.64 -0.4
9.65 -0.39
9.66 -0.36
9.67 -0.34
9.68 -0.32
9.69 -0.28
9.7 -0.12
9.71 -0.1
9.72 -0.09
9.73 -0.07
9.74 -0.06
9.75 -0.05
9.76 -0.02
9.77 0.01
9.78 0.06
9.79 0.13
9.8 0.17
9.81 2.01
9.82 2.08
9.83 2.18
9.84 2.3
9.85 2.9
9.86 2.93
9.87 2.95
9.88 2.98
9.89 3
9.9 3.06
9.91 3.11
9.92 3.17
9.93 3.22
9.94 3.27
9.95 3.32
9.96 3.35
9.97 3.38
9.98 3.4
9.99 3.43
10 3.45
10.01 3.47
10.02 3.5
10.03 3.52
10.04 3.54
10.05 3.56
10.06 3.59
10.07 3.61
10.08 3.63
10.09 3.66
10.1 3.7
10.11 3.73
10.12 3.75
10.13 3.78
10.14 3.8
10.15 3.82
10.16 3.85
10.17 3.87
10.18 3.9
10.19 3.92
10.2 3.95
10.21 3.97
10.22 3.99
10.23 4.02
10.24 4.04
10.25 4.07
10.26 4.09
10.27 4.12
10.28 4.14
10.29 4.17
10.3 4.19
10.31 4.22
10.32 4.26
10.33 4.29
10.34 4.33
10.35 4.37
10.36 4.41
10.37 4.45
10.38 4.49
10.39 4.52
10.4 4.56
10.41 4.59
10.42 4.63
10.43 4.66
10.44 4.7
10.45 4.73
10.46 4.77
10.47 4.8
10.48 4.84
10.49 4.87
10.5 4.91
10.51 4.94
10.52 4.98
10.53 5.01
10.54 5.03
10.55 5.06
10.56 5.08
10.57 5.11
10.58 5.13
10.59 5.15
10.6 5.19
10.61 5.22
10.62 5.26
10.63 5.29
10.64 5.33
10.65 5.36
10.66 5.39
10.67 5.46
10.68 5.52
10.69 5.59
10.7 5.65
10.71 5.69
10.72 5.73
10.73 5.77
10.74 5.81
10.75 5.85
10.76 5.89
10.77 5.93
10.78 5.97
10.79 6.01
10.8 6.05
10.81 6.08
10.82 6.11
10.83 6.14
10.84 6.17
10.85 6.2
10.86 6.23
10.87 6.26
10.88 6.28
10.89 6.3
10.9 6.32
10.91 6.35
10.92 6.37
10.93 6.39
10.94 6.41
10.95 6.43
10.96 6.45
10.97 6.47
10.98 6.49
10.99 6.51
11 6.53
11.01 6.55
11.02 6.57
11.03 6.61
11.04 6.65
11.05 6.68
11.06 6.71
11.07 6.74
11.08 6.77
11.09 6.8
11.1 6.83
11.11 6.86
11.12 6.89
11.13 6.92
11.14 6.95
11.15 6.98
11.16 7.01
11.17 7.04
11.18 7.07
11.19 7.1
11.2 7.13
11.21 7.16
11.22 7.19
11.23 7.22
11.24 7.25
11.25 7.28
11.26 7.31
11.27 7.33
11.28 7.36
11.29 7.39
11.3 7.42
11.31 7.45
11.32 7.47
11.33 7.49
11.34 7.51
11.35 7.52
11.36 7.54
11.37 7.56
11.38 7.6
11.39 7.63
11.4 7.67
11.41 7.71
11.42 7.75
11.43 7.78
11.44 7.82
11.45 7.86
11.46 7.89
11.47 7.91
11.48 7.93
11.49 7.97
11.5 8.01
11.51 8.04
11.52 8.07
11.53 8.1
11.54 8.12
11.55 8.15
11.56 8.18
11.57 8.2
11.58 8.23
11.59 8.26
11.6 8.28
11.61 8.31
11.62 8.33
11.63 8.36
11.64 8.39
11.65 8.42
11.66 8.45
11.67 8.48
11.68 8.5
11.69 8.53
11.7 8.56
11.71 8.58
11.72 8.61
11.73 8.63
11.74 8.66
11.75 8.68
11.76 8.71
11.77 8.73
11.78 8.75
11.79 8.78
11.8 8.8
11.81 8.82
11.82 8.85
11.83 8.87
11.84 8.89
11.85 8.92
11.86 8.94
11.87 8.96
11.88 8.99
11.89 9.01
11.9 9.03
11.91 9.06
11.92 9.08
11.93 9.1
11.94 9.13
11.95 9.15
11.96 9.17
11.97 9.2
11.98 9.22
11.99 9.24
12 9.27
12.01 9.29
12.02 9.31
12.03 9.33
12.04 9.35
12.05 9.37
12.06 9.39
12.07 9.41
12.08 9.43
12.09 9.46
12.1 9.48
12.11 9.5
12.12 9.52
12.13 9.54
12.14 9.56
12.15 9.58
12.16 9.6
12.17 9.62
12.18 9.64
12.19 9.66
12.2 9.68
12.21 9.7
12.22 9.72
12.23 9.74
12.24 9.75
12.25 9.77
12.26 9.79
12.27 9.81
12.28 9.83
12.29 9.85
12.3 9.86
12.31 9.88
12.32 9.9
12.33 9.93
12.34 9.95
12.35 9.98
12.36 10
12.37 10.02
12.38 10.05
12.39 10.07
12.4 10.09
12.41 10.11
12.42 10.14
12.43 10.16
12.44 10.18
12.45 10.21
12.46 10.24
12.47 10.27
12.48 10.3
12.49 10.32
12.5 10.34
12.51 10.36
12.52 10.38
12.53 10.4
12.54 10.42
12.55 10.45
12.56 10.48
12.57 10.51
12.58 10.54
12.59 10.57
12.6 10.6
12.61 10.62
12.62 10.65
12.63 10.68
12.64 10.7
12.65 10.73
12.66 10.76
12.67 10.78
12.68 10.81
12.69 10.83
12.7 10.86
12.71 10.88
12.72 10.91
12.73 10.93
12.74 10.95
12.75 10.98
12.76 11
12.77 11.02
12.78 11.05
12.79 11.07
12.8 11.09
12.81 11.12
12.82 11.14
12.83 11.17
12.84 11.2
12.85 11.22
12.86 11.25
12.87 11.28
12.88 11.3
12.89 11.33
12.9 11.36
12.91 11.38
12.92 11.41
12.93 11.44
12.94 11.46
12.95 11.48
12.96 11.51
12.97 11.53
12.98 11.55
12.99 11.58
13 11.6
13.01 11.62
13.02 11.64
13.03 11.66
13.04 11.68
13.05 11.7
13.06 11.73
13.07 11.75
13.08 11.77
13.09 11.79
13.1 11.81
13.11 11.83
13.12 11.85
13.13 11.87
13.14 11.89
13.15 11.91
13.16 11.93
13.17 11.96
13.18 11.98
13.19 12
13.2 12.03
13.21 12.05
13.22 12.07
13.23 12.09
13.24 12.11
13.25 12.13
13.26 12.16
13.27 12.19
13.28 12.22
13.29 12.24
13.3 12.26
13.31 12.29
13.32 12.31
13.33 12.34
13.34 12.36
13.35 12.38
13.36 12.41
13.37 12.43
13.38 12.46
13.39 12.48
13.4 12.5
13.41 12.53
13.42 12.55
13.43 12.57
13.44 12.6
13.45 12.62
13.46 12.65
13.47 12.67
13.48 12.69
13.49 12.72
13.5 12.74
13.51 12.77
13.52 12.79
13.53 12.81
13.54 12.84
13.55 12.86
13.56 12.88
13.57 12.91
13.58 12.93
13.59 12.96
13.6 12.98
13.61 13
13.62 13.03
13.63 13.05
13.64 13.08
13.65 13.1
13.66 13.11
13.67 13.13
13.68 13.15
13.69 13.17
13.7 13.18
13.71 13.2
13.72 13.22
13.73 13.24
13.74 13.26
13.75 13.27
13.76 13.29
13.77 13.31
13.78 13.32
13.79 13.34
13.8 13.36
13.81 13.38
13.82 13.4
13.83 13.41
13.84 13.43
13.85 13.45
13.86 13.47
13.87 13.49
13.88 13.5
13.89 13.52
13.9 13.54
13.91 13.56
13.92 13.58
13.93 13.59
13.94 13.61
13.95 13.63
13.96 13.65
13.97 13.67
13.98 13.68
13.99 13.7
14 13.72
14.01 13.74
14.02 13.76
14.03 13.77
14.04 13.79
14.05 13.81
14.06 13.83
14.07 13.85
14.08 13.86
14.09 13.88
14.1 13.9
14.11 13.92
14.12 13.94
14.13 13.96
14.14 13.97
14.15 13.99
