-12.27  0.87  
-12.4  1.39  
-12.01  0.87  
-11.36  1.13  
-12.01  1.39  
-11.88  1.13  
-12.14  1.52  
-12.27  1.13  
-12.01  1.13  
-12.14  1  
-12.66  2.56  
-12.4  2.43  
-12.79  2.82  
-12.27  2.82  
-13.05  2.04  
-12.27  2.04  
-12.92  2.43  
-12.4  2.69  
-13.05  2.3  
-12.27  2.82  
-10.71  2.95  
-10.58  2.69  
-10.19  3.47  
-10.06  3.34  
-10.32  2.69  
-10.58  2.56  
-10.32  2.69  
-9.54  3.34  
-10.32  2.82  
-10.06  3.08  
-1.22  3.99  
-2.13  4.64  
-1.48  4.51  
-1.61  4.25  
-1.48  4.51  
-2.13  4.64  
-2.52  4.64  
-1.74  4.51  
-1.48  4.51  
-1.48  4.51  
-3.82  5.03  
-4.08  5.03  
-3.69  5.16  
-4.47  5.16  
-3.69  4.9  
-4.47  5.29  
-4.6  5.16  
-4.47  5.16  
-4.99  5.03  
-4.6  5.03  
-7.07  5.16  
-6.29  5.03  
-6.81  5.29  
-6.94  5.03  
-5.9  5.16  
-6.68  5.42  
-6.42  5.03  
-7.07  4.9  
-6.55  5.42  
-7.46  5.03  
-10.32  4.51  
-10.84  3.86  
-10.19  4.12  
-10.32  3.73  
-10.58  3.73  
-10.58  4.12  
-10.84  4.12  
-10.19  3.99  
-10.97  3.6  
-10.45  3.99  
7.23  -1.34  
7.1  -1.73  
6.84  -1.86  
6.97  -1.73  
6.71  -1.73  
7.23  -1.99  
7.36  -1.73  
6.71  -1.6  
7.1  -1.99  
7.36  -1.86  
2.16  -1.86  
2.16  -1.86  
2.42  -1.73  
2.42  -1.86  
2.29  -1.73  
2.68  -1.73  
2.81  -1.99  
2.42  -1.73  
2.42  -1.73  
2.81  -1.86  
-1.48  5.81  
-2  5.29  
-1.48  5.42  
-1.74  5.81  
-2.26  5.42  
-1.61  5.68  
-1.35  5.55  
-1.61  5.68  
-1.87  5.03  
-1.74  5.42  
1.77  2.3  
1.51  2.69  
1.38  2.82  
1.25  1.91  
1.38  2.82  
1.51  2.04  
1.25  2.82  
0.99  2.04  
0.99  2.69  
1.12  2.69  
7.61  -4.62  
7.48  -4.62  
7.61  -4.62  
6.84  -1.86  
6.71  -1.86  
6.58  -1.99  
7.23  -1.99  
6.7  -4.88  
7.1  -1.99  
6.58  -1.99  
-9.93  7.11  
-10.32  7.11  
-10.45  7.11  
-10.45  7.24  
-10.19  7.37  
-9.8  7.11  
-10.06  7.24  
-10.58  7.5  
-10.06  7.63  
-10.58  7.63  
-13.31  -1.21  
-13.05  -0.56  
-12.53  -0.69  
-12.92  -0.82  
-12.66  -0.56  
-12.4  -0.43  
-13.31  -1.08  
-13.31  -1.21  
-12.92  -0.69  
-13.31  -1.08  
-7.98  7.89  
-8.5  7.89  
-8.11  8.15  
-7.85  7.89  
-8.5  7.89  
-8.11  7.89  
-8.24  7.76  
-8.37  8.02  
-8.5  7.63  
-8.11  7.76  
-14.74  -1.21  
-14.87  -1.6  
-14.74  -1.6  
-14.61  -1.6  
-14.48  -1.47  
-14.61  -1.47  
-14.48  -1.47  
-14.87  -1.6  
-14.35  -1.21  
-14.48  -1.47  
-10.19  3.73  
-10.19  3.47  
-10.19  3.99  
-10.58  4.12  
-10.58  3.73  
-10.45  3.99  
-9.8  4.12  
-10.06  3.34  
-10.19  4.12  
-10.32  3.73  
-13.05  2.04  
-13.18  2.3  
-13.44  1.78  
-13.57  2.17  
-13.44  2.69  
-12.92  2.43  
-13.31  2.3  
-13.05  2.3  
-13.31  2.3  
-13.7  2.04  
-11.49  2.82  
-11.1  2.69  
-11.23  3.34  
-11.36  3.34  
-10.71  2.82  
-10.97  3.08  
-11.1  2.43  
-11.23  3.34  
-10.71  2.95  
-10.97  3.08  
-3.3  7.63  
-3.56  7.63  
-3.3  7.37  
-3.17  7.24  
-3.43  7.24  
-3.43  7.5  
-3.43  7.89  
-3.04  7.37  
-3.04  7.11  
-3.04  7.11  
-13.7  -1.47  
-14.35  -1.21  
-14.48  -1.08  
-13.83  -1.73  
-14.22  -1.6  
-14.22  -1.73  
-13.7  -1.6  
-13.83  -1.08  
-13.7  -1.21  
-13.7  -1.73  
1.24  -5.01  
1.11  -4.88  
1.37  -4.62  
1.11  -5.14  
1.37  -4.88  
0.85  -4.88  
1.37  -5.14  
1.37  -4.88  
1.5  -5.4  
0.85  -4.88  
14.63  0.97  
15.15  0.45  
14.5  0.71  
15.02  0.84  
15.28  0.45  
15.15  0.32  
14.63  0.84  
14.89  0.97  
15.28  0.97  
14.37  0.58  
-1.36  -2.67  
-1.62  -3.45  
-1.23  -2.67  
-1.75  -2.54  
-1.62  -2.54  
-1.1  -3.19  
-1.36  -3.45  
-1.88  -3.19  
-2.14  -2.8  
-1.62  -2.8  
2.54  -6.7  
3.06  -7.09  
2.54  -7.09  
2.54  -6.44  
2.8  -7.35  
2.67  -6.7  
2.28  -6.96  
2.93  -6.83  
2.54  -6.7  
2.67  -6.44  
3.97  -8.91  
4.23  -8.39  
3.84  -8.39  
4.1  -8.78  
3.97  -8.91  
3.97  -8.52  
4.23  -8.78  
4.23  -8.78  
3.97  -8.26  
4.23  -8.52  
-6.56  1.49  
-6.3  0.84  
-6.82  0.84  
-6.43  0.71  
-6.17  1.1  
-6.82  0.97  
-6.04  0.84  
-6.69  1.23  
-6.04  0.97  
-6.82  1.1  
12.81  -3.19  
12.94  -3.32  
13.2  -3.06  
13.2  -3.06  
12.81  -3.32  
13.33  -3.32  
13.2  -3.19  
13.2  -3.84  
13.33  -3.58  
13.33  -3.19  
13.2  -2.15  
13.46  -2.28  
13.72  -2.28  
13.46  -2.54  
12.94  -2.28  
13.59  -2.15  
13.33  -2.41  
13.2  -2.41  
12.94  -2.28  
13.59  -2.28  
10.08  -5.01  
10.21  -5.66  
10.34  -5.01  
10.34  -5.01  
10.47  -5.14  
10.08  -5.14  
9.56  -5.4  
9.95  -5.66  
9.69  -5.27  
10.34  -5.53  
-4.47  5.16  
-5.25  5.16  
-4.99  5.03  
-4.6  5.16  
-4.6  5.03  
-4.47  5.29  
-3.82  5.03  
-4.08  5.03  
-3.69  4.9  
-4.47  5.16  
7.22  -7.09  
7.48  -7.61  
6.7  -7.35  
6.7  -6.83  
7.48  -7.61  
7.61  -7.61  
6.96  -7.48  
6.7  -6.96  
7.22  -7.09  
7.61  -7.61  
9.95  -3.32  
9.56  -3.58  
9.82  -4.1  
9.82  -3.58  
10.08  -3.71  
10.08  -3.58  
10.21  -3.97  
9.95  -3.71  
9.82  -4.1  
10.08  -3.71  
10.34  -5.01  
10.21  -5.66  
10.34  -5.01  
9.56  -5.01  
9.56  -5.4  
10.08  -5.14  
10.08  -5.01  
10.34  -5.53  
9.95  -5.66  
9.69  -5.27  
1.11  -6.05  
0.98  -5.79  
0.98  -6.05  
1.11  -5.14  
1.5  -5.4  
1.37  -5.14  
1.11  -5.66  
1.11  -4.88  
1.24  -5.01  
0.72  -5.79  
11.64  -2.54  
12.16  -2.54  
12.29  -2.67  
11.9  -2.54  
11.25  -3.06  
12.16  -3.06  
12.29  -2.8  
11.64  -2.8  
11.77  -2.8  
11.64  -3.32  
4.62  -6.05  
4.88  -5.4  
4.88  -5.53  
5.01  -5.4  
4.75  -6.18  
5.27  -5.4  
5.4  -6.18  
5.53  -5.92  
5.14  -6.18  
4.88  -5.66  
17.23  1.62  
17.1  1.62  
17.23  1.88  
16.32  1.62  
16.97  1.49  
16.06  1.62  
17.49  1.75  
16.58  1.36  
16.71  1.36  
17.62  1.62  
-0.32  -2.8  
0.07  -3.06  
-0.06  -2.93  
-0.45  -2.8  
-0.32  -3.06  
0.2  -3.19  
-0.45  -3.19  
-0.58  -2.93  
-0.19  -3.06  
0.07  -3.19  
3.19  -8.65  
3.32  -8.65  
2.54  -8.13  
3.06  -8.65  
2.8  -8.91  
2.93  -8.91  
2.93  -8.13  
2.93  -8.52  
2.93  -8.26  
2.54  -8.39  
