5.02 -0.04
7.1 2.56
3.2 1.39
4.37 2.69
5.67 1.91
-9.02 6.72
-15.26 0.48
5.93 2.82
-3.04 7.11
-16.3 1.39
-6.16 8.41
-9.93 7.11
-12.01 1.78
5.67 3.86
-13.57 6.33
-12.4 4.51
-8.11 8.15
-8.11 6.85
-11.23 5.29
-12.79 1.78
-13.96 0.22
-5.38 7.24
-8.89 6.85
0.21 4.38
7.49 1
-2.26 5.16
-12.66 4.51
7.1 -1.99
-13.57 6.33
-14.48 6.46
-10.32 2.69
-13.83 4.64
-12.4 6.2
-16.3 2.95
3.98 0.22
-2.78 10.49
-8.89 8.8
4.37 1.26
7.62 -1.08
0.99 6.85
5.28 4.51
4.5 2.04
-10.19 6.2
-5.12 10.49
2.68 7.5
4.89 3.47
-12.14 5.29
1.25 7.37
0.47 9.32
-17.21 -1.86
-3.3 7.37
-1.48 4.51
-6.03 7.37
-5.25 9.71
-1.87 9.71
-15.52 2.69
-0.83 5.16
-8.5 7.89
-10.19 3.47
2.94 5.03
-17.73 -1.21
-1.35 9.58
-6.29 5.03
3.72 3.99
3.85 1.78
2.42 1.78
-16.17 0.74
-11.49 4.25
2.29 -1.73
-11.88 2.95
2.68 4.64
-16.04 1.52
-11.62 6.33
0.6 2.56
5.02 -1.99
-13.05 7.24
-6.03 10.36
0.6 3.73
0.34 6.98
2.81 0.22
-15 5.94
-3.43 9.19
-1.61 10.23
-2.91 4.77
5.15 1.78
-11.88 7.11
-0.05 6.59
-15.78 0.35
0.86 8.8
2.42 -0.17
-5.9 5.55
3.98 6.2
-7.33 9.71
-6.03 9.84
-2.26 5.42
1.12 4.64
-0.18 3.21
-13.96 3.08
-0.05 8.41
-10.58 3.73
-1.48 4.51
-13.31 5.81
-15.65 -1.34
-12.27 -0.56
-6.16 7.76
7.1 0.35
-5.9 7.63
-1.61 10.1
-16.17 -0.3
3.07 7.76
1.9 3.6
4.5 1.65
-9.54 5.81
-13.31 5.16
4.11 0.35
-16.56 3.47
5.28 0.74
-8.89 8.93
-9.8 4.12
4.5 -0.17
-11.88 1.13
2.03 2.56
3.46 4.12
-11.1 2.3
-4.08 5.68
7.62 0.61
-11.23 7.24
-0.05 9.58
-11.49 8.28
1.51 2.04
-5.77 8.54
-17.47 0.87
-0.57 8.54
-7.2 7.89
2.03 8.02
-3.82 9.32
-0.83 8.67
-0.31 5.81
-3.69 5.16
-16.95 0.87
5.8 4.51
-14.48 1.39
-11.36 4.38
-6.29 7.89
-10.58 6.59
-12.66 2.56
2.03 1.65
-3.95 10.1
-7.85 10.62
-16.43 1.52
-12.92 2.43
-15.26 5.68
2.03 5.94
3.07 7.37
2.03 7.5
-16.04 -1.21
-11.36 6.33
-6.16 7.37
-13.18 2.82
6.71 3.34
4.11 4.77
-13.83 5.03
-16.43 2.95
4.11 5.29
-12.27 5.81
3.98 2.56
1.38 5.16
-9.15 5.29
2.81 2.3
4.24 5.55
-12.14 8.54
-4.99 5.03
-8.24 6.33
1.64 7.89
-0.7 3.6
-4.47 5.29
3.72 -0.43
6.97 1.78
4.5 5.42
0.34 4.9
-14.22 5.68
-5.25 5.81
-12.66 -1.73
-1.61 8.8
6.58 3.21
-0.05 5.42
5.41 3.6
3.98 -0.69
-0.7 9.32
-15.65 4.9
-13.18 6.07
-12.4 8.28
2.94 1.65
-7.33 9.32
-13.31 -1.21
-7.59 6.59
-3.82 6.46
-9.02 3.86
3.98 5.68
-11.23 7.24
0.6 7.37
-1.48 6.59
-5.12 7.11
2.55 1.26
2.29 4.77
-12.01 3.08
-14.74 3.47
-15.91 3.08
4.63 3.73
-7.72 9.71
-5.64 10.75
-0.18 7.11
4.89 3.21
0.08 6.2
3.33 1
-11.36 4.38
1.64 1.91
-7.72 9.84
2.94 0.48
0.6 8.54
-2 6.85
-15.65 4.77
-4.34 8.28
-8.63 8.15
-11.1 6.59
-3.43 5.68
-13.44 4.64
-11.62 5.03
-1.74 8.93
-3.04 5.81
-16.95 1.78
-14.22 6.98
3.59 -0.04
-14.61 -1.99
-9.93 9.19
-14.22 6.2
0.73 3.21
-2.65 6.46
-0.57 3.99
-13.83 2.43
-1.87 8.67
-2.91 5.94
3.07 3.47
-16.56 -1.99
-13.57 2.17
-0.05 4.64
-5.12 8.02
-9.67 6.98
-8.63 9.84
-3.17 7.24
-7.2 6.33
1.38 1.78
-14.22 4.38
0.21 6.85
0.08 6.59
-14.74 2.69
-6.68 8.8
-17.34 1.52
3.98 7.11
-2.39 6.2
1.9 6.2
-15 1.78
-10.84 4.12
-10.97 6.59
-0.57 5.68
-13.05 7.24
-7.07 5.16
2.68 5.55
-2.78 5.55
-10.45 5.29
3.98 1.65
-4.86 6.46
3.98 2.95
2.03 2.3
6.45 0.61
6.71 3.21
-1.74 8.8
2.03 2.95
5.41 -0.95
0.86 8.93
-1.74 5.42
-5.51 9.19
-3.43 5.29
4.89 2.82
-1.87 5.03
-12.53 5.55
-12.66 0.74
-3.56 6.98
6.71 -1.73
2.16 4.12
-8.37 8.15
-9.54 8.02
-9.02 5.94
-4.21 10.88
4.11 6.72
-7.98 6.59
-0.57 6.98
1.64 8.41
-11.23 8.67
-13.7 -1.73
2.81 3.99
-14.22 -1.73
-14.35 4.38
-8.11 6.2
-13.05 -1.99
5.54 1.39
-11.49 6.07
-9.67 8.28
3.98 -0.56
5.02 -1.34
-10.58 2.69
-8.63 6.46
7.36 -0.69
-9.28 7.89
-4.73 5.81
-13.7 5.55
-14.09 5.03
-3.3 6.72
-14.22 2.56
-12.4 -0.43
3.98 2.69
-11.36 1.13
-7.33 5.16
-6.29 6.85
-5.9 5.16
1.38 5.81
-4.86 6.33
4.37 5.16
-16.56 2.3
-10.32 2.69
-8.76 5.16
-1.22 3.99
-4.08 5.55
-11.1 8.28
-14.61 -1.73
5.54 5.29
-6.68 9.45
1.64 8.8
-15 3.86
6.19 3.34
-11.75 5.55
-6.94 9.58
-12.53 -1.99
1.51 0.61
1.51 4.38
-10.71 2.82
-10.45 5.03
-9.67 5.03
-15.91 0.35
3.2 -1.21
7.88 -1.34
4.11 -1.86
5.02 -0.56
-12.4 1.39
-13.83 -1.08
-5.51 5.94
-15.78 -0.17
-15 2.04
4.11 2.95
-12.66 -1.73
-11.49 3.47
-7.07 5.68
3.07 3.73
-6.81 7.24
0.99 3.08
-15.52 1.26
-7.59 10.36
-13.83 2.04
7.1 -0.82
4.11 1.65
-11.49 5.16
-10.32 4.51
-4.21 6.85
2.03 -0.95
-4.6 9.32
-1.61 9.19
3.72 5.55
-11.36 7.37
-12.27 -1.21
5.41 0.87
-5.25 9.19
-1.35 7.89
-3.82 9.32
-0.05 5.55
-9.15 8.54
-2.39 7.63
2.03 2.56
-10.58 5.81
-13.44 -1.08
0.99 6.33
-4.99 6.85
1.38 2.82
-15.26 5.68
-4.6 9.32
-12.4 7.76
5.02 -0.69
-9.93 9.19
-14.87 0.22
6.19 -0.82
-10.58 2.56
-15.78 0.09
-17.6 -1.21
-13.57 3.08
-0.57 4.77
0.73 9.32
-1.61 4.25
-10.97 3.08
-12.14 -0.56
-17.73 -0.43
-13.83 4.77
-12.79 5.42
-16.69 -0.56
1.25 2.82
-3.3 5.03
2.03 1.39
-10.97 3.08
-7.85 6.33
5.02 -1.73
-14.48 -1.47
2.03 8.41
4.76 3.99
-6.29 5.81
7.23 -1.99
-15 3.47
1.64 5.81
2.68 -1.73
3.72 2.43
2.42 7.5
-13.83 1.52
-14.09 6.72
2.42 5.68
-5.9 9.97
5.15 -1.73
2.81 4.12
-13.96 3.73
-5.25 6.85
-7.72 8.41
-6.68 9.19
-9.41 5.68
2.16 6.07
4.24 0.22
-8.11 9.32
-15.78 2.43
-5.25 9.97
5.67 4.9
-10.97 5.16
6.19 2.95
-10.19 3.73
-13.18 3.73
-4.08 6.46
5.8 1
-0.31 5.42
2.55 1.39
-10.58 9.71
-12.79 6.85
0.34 7.76
-12.27 5.55
1.77 2.3
-10.32 7.11
-1.48 4.51
-7.72 6.2
2.94 -0.43
-2.78 6.98
-7.2 6.07
-1.35 9.32
-5.64 10.49
-11.49 5.03
3.59 1.78
-10.71 2.95
-17.34 0.22
4.5 5.29
-1.09 7.89
-5.38 6.46
-8.63 7.37
4.11 4.64
-2 8.93
-10.32 9.84
-15.39 -1.86
-12.14 3.6
7.1 0.87
-17.47 -1.08
-6.42 10.1
-9.28 4.51
-2.91 5.03
-15 2.95
-4.34 9.58
-6.29 6.98
-10.32 9.84
1.77 0.09
-0.83 9.19
-0.05 8.02
-8.5 6.07
-12.14 -1.47
-8.11 9.84
-15.13 5.16
-3.95 5.81
1.64 1.39
0.99 7.11
3.59 2.95
-7.46 5.55
-14.87 3.99
3.59 4.38
4.37 1.26
-2.65 7.89
-14.61 -1.86
-2 10.23
-14.87 2.17
-15.65 -1.99
-15.13 3.6
5.8 4.51
6.32 -1.47
1.64 4.12
-4.73 6.59
-11.49 5.55
-14.22 6.98
-3.43 7.89
3.2 2.69
3.85 3.34
1.64 4.12
0.34 7.37
0.08 6.07
-8.76 4.77
6.84 1.13
-0.31 6.46
-9.93 4.77
-6.42 10.49
2.55 6.72
6.19 2.82
-8.37 8.02
-9.41 8.41
-1.09 4.9
-9.67 9.71
-12.53 -0.69
-14.48 0.61
-8.37 9.45
1.77 2.17
-1.74 7.89
-9.8 7.11
-13.57 3.34
-15.26 -1.6
-15.91 4.9
-2 6.07
3.33 2.95
1.25 6.46
-4.08 8.67
6.71 1.65
-6.94 10.36
-4.34 10.49
2.81 5.94
-6.81 5.29
-4.86 10.75
0.86 7.63
-0.44 4.38
-2.65 9.84
4.63 0.09
1.38 4.9
5.28 5.29
-8.11 7.89
-15.65 3.47
4.63 6.72
-11.88 4.9
-12.01 6.33
5.28 1.52
-9.67 6.33
-2.26 8.93
1.77 5.42
-1.74 9.45
-12.01 8.8
-3.43 7.11
-11.62 2.17
-8.76 5.03
-8.24 9.32
-10.45 7.11
1.9 7.24
-12.14 8.54
-2.52 9.97
-0.18 3.6
-14.74 3.34
-0.83 6.72
-12.27 -0.04
6.71 -0.17
-16.82 1.91
-10.97 7.24
4.76 0.22
3.2 5.55
-14.87 -1.08
6.58 -0.95
-14.09 5.42
3.59 4.9
-7.2 7.37
-2.65 5.16
-3.95 9.58
-8.63 4.38
1.12 1.52
6.45 0.22
-0.18 7.63
6.32 3.34
2.68 2.69
-4.6 8.02
4.5 6.85
5.28 5.94
-14.35 5.81
-12.14 -0.56
-11.62 5.42
-4.08 7.76
-14.87 5.03
-4.47 8.28
3.2 5.29
2.81 7.76
3.33 -0.17
-11.49 4.9
-5.25 8.41
2.68 8.15
2.55 1.65
0.99 4.38
2.68 2.17
0.99 2.69
-10.45 8.8
-14.48 2.17
-15.39 2.82
-12.53 3.99
3.98 -0.04
-8.63 4.25
0.21 6.46
-16.17 2.04
6.97 -0.04
-0.7 9.19
5.28 5.42
-4.47 8.67
3.85 4.77
0.73 4.38
-17.73 -1.47
3.59 6.33
-13.18 5.29
-0.57 4.77
5.8 0.22
-0.7 6.85
-12.01 8.15
-15.78 5.16
-5.9 10.88
2.16 0.48
2.55 4.9
-9.28 3.86
-6.16 6.72
-16.82 -0.82
-15 5.55
-15.91 0.35
-10.06 3.34
5.41 2.82
-8.5 7.89
0.86 6.46
-1.87 6.98
-13.7 4.12
-0.31 7.76
-6.94 5.55
-11.88 1.78
6.97 1
0.08 4.64
-3.56 10.62
2.68 4.9
-4.34 9.58
1.9 0.09
-2 7.76
4.37 -1.34
-4.99 8.67
-15.91 2.43
-5.64 5.94
-6.81 8.02
2.29 2.82
6.06 1.13
5.54 4.38
-6.68 9.71
-6.16 9.84
-1.74 9.45
6.58 -1.99
-15.52 0.61
-3.69 9.58
-14.22 -0.17
-1.35 8.54
-15.52 2.69
-2.52 6.59
6.32 2.17
-4.86 6.46
-10.84 1.91
6.84 1.39
-17.34 1
-17.99 -1.86
-12.79 6.85
-17.6 -1.6
-10.84 3.86
-12.4 4.9
-13.44 5.55
1.9 4.51
-7.2 6.33
2.16 5.55
-5.51 9.71
-15 5.68
5.93 3.86
3.59 7.63
6.32 3.47
-0.83 6.85
-12.66 6.2
4.11 4.38
-7.46 10.1
-14.61 5.16
1.12 6.33
-17.34 0.22
-9.28 4.25
-14.61 0.22
-14.61 -1.47
6.97 1.91
-11.62 2.04
-6.55 5.42
4.5 3.86
6.19 2.04
-10.84 1.91
3.2 5.68
6.71 -1.34
-2.91 8.93
4.11 5.42
-16.43 -0.95
-12.92 -1.86
-12.27 1.13
1.64 5.68
2.68 2.17
-17.73 -0.82
-11.23 9.06
4.24 3.86
-6.29 6.72
-6.81 10.23
1.12 4.9
-3.04 7.11
-14.61 3.99
-15.78 -1.34
-4.99 6.85
-16.17 3.86
-14.35 6.98
-9.28 6.72
-17.47 0.87
2.03 0.74
2.68 4.64
5.93 -0.82
-11.75 6.59
-5.64 10.36
5.41 -0.04
-14.87 2.04
-14.87 -1.6
-2 9.58
-0.31 5.81
-6.81 7.89
0.47 8.54
1.12 2.69
-7.72 4.77
-5.77 5.94
-14.48 -1.47
-13.83 3.6
-12.01 8.41
-11.49 5.68
-10.19 5.29
3.33 6.46
2.81 -1.86
1.9 5.68
-13.57 1.52
-12.79 6.72
-2.78 10.23
-7.85 4.64
4.5 2.04
0.99 3.6
4.63 -0.43
1.51 7.5
-3.56 6.85
3.33 -0.43
-15.91 -0.69
3.07 1.65
4.89 1.52
3.2 3.21
2.55 5.68
-7.59 7.5
5.41 2.04
7.1 0.87
-3.95 8.54
7.36 1.65
2.81 4.51
6.32 -1.47
-14.48 6.85
7.1 2.69
-9.02 6.2
3.33 7.5
6.97 1.78
1.64 3.34
-11.75 4.25
-12.14 8.54
-7.2 9.06
5.02 3.6
-14.74 5.68
-7.07 6.2
-13.31 2.3
-17.08 -0.69
-3.69 10.49
-14.48 -1.08
2.94 2.17
-7.07 7.76
6.84 1.78
3.72 4.51
6.06 0.35
-13.83 1.65
-11.75 6.2
0.21 6.72
-14.74 -0.3
-7.85 7.89
-7.85 4.9
-6.16 9.84
6.19 3.34
-4.6 8.67
-12.27 3.34
-10.97 5.42
-8.89 9.84
-13.83 3.6
-14.74 -1.21
0.08 6.46
4.63 0.74
3.07 6.98
0.08 7.89
-2.52 5.94
1.25 7.76
-12.4 -0.04
2.68 4.12
1.51 4.51
-16.82 -0.04
-7.72 6.85
-2.65 9.71
-3.43 10.75
4.63 0.22
-17.34 -1.6
-14.35 2.82
1.12 3.21
-10.19 6.72
-12.4 2.69
0.73 5.03
-16.69 3.21
-12.01 3.73
-7.59 9.06
0.47 7.5
-11.1 6.46
5.41 4.12
-12.66 7.37
-14.74 -1.6
-15 5.81
2.16 -0.3
3.46 -0.3
5.28 4.12
-10.58 6.72
-10.97 3.6
1.51 3.73
0.21 2.69
3.46 4.51
-13.05 2.3
5.54 1.39
-5.77 10.1
-9.67 10.1
3.46 2.04
-0.96 5.81
5.41 2.69
-3.95 9.97
-5.9 9.84
-15.78 -1.34
-10.45 3.99
0.73 7.5
-13.44 1.13
-9.41 7.24
-9.28 10.23
-12.14 4.77
-14.22 -1.6
2.55 6.72
-16.3 3.99
-16.43 -0.82
-4.47 5.42
-9.02 4.38
-12.27 2.82
-6.68 8.93
-12.01 -1.47
-11.36 4.51
4.76 1.65
-7.59 9.06
-5.38 9.19
3.07 2.95
-13.83 -1.73
-16.04 1.26
2.81 -1.21
3.07 -0.04
-12.14 -0.69
-9.41 3.6
-12.01 3.6
-13.57 7.11
-2.65 10.49
-6.94 6.72
7.75 -0.3
4.89 2.56
-8.24 4.51
-7.98 9.32
-14.61 5.42
-15.91 -0.17
-5.25 5.16
-4.47 9.97
0.99 1.91
1.38 6.07
2.81 -1.6
4.63 2.82
5.8 3.6
-8.5 5.68
5.54 0.09
1.51 1.13
-5.51 5.81
-13.57 6.46
-11.1 2.69
-8.63 6.46
-0.31 6.85
-7.72 7.5
6.45 1.91
-1.22 6.98
-6.29 10.62
-16.95 2.17
2.94 7.63
-3.95 9.19
-10.19 6.46
-12.01 0.87
6.06 4.12
-15.26 2.82
-16.04 -0.04
-7.85 5.68
3.85 7.37
7.36 -1.73
3.72 7.37
-2.91 10.1
3.46 5.94
-17.47 1.26
5.8 3.34
-12.4 8.15
-0.57 5.16
2.94 8.15
-7.46 8.41
-10.45 6.07
-14.61 5.68
-4.6 5.81
-17.47 0.87
-3.82 10.23
-12.27 2.82
-14.35 1
2.42 -1.08
4.89 3.47
3.59 2.95
-10.71 8.41
-5.77 5.55
6.97 1.91
-9.8 8.54
-14.35 5.42
-4.34 10.49
-8.63 6.07
2.42 3.86
2.94 5.16
-6.29 8.67
6.32 2.95
0.34 8.02
-13.83 2.69
-10.58 6.33
1.9 2.56
-12.79 3.99
-16.43 3.73
-12.14 3.99
3.2 4.25
-7.33 5.81
-12.01 -1.86
0.86 3.47
-12.01 3.08
-12.4 4.25
4.24 1.65
-12.27 -0.43
3.59 2.95
-3.82 5.03
-10.32 2.82
4.76 1.78
-13.7 4.12
-14.61 -1.6
-3.17 6.59
-4.73 10.88
-6.03 7.24
-1.35 9.84
-13.44 6.85
4.37 2.69
5.15 -0.43
-13.57 4.25
-13.05 5.55
5.93 -1.73
-12.27 -0.56
-2.78 7.11
7.75 -1.73
-14.48 1
-11.36 6.2
-9.8 8.93
-13.05 2.04
4.89 1.52
-3.43 10.1
6.19 -1.86
-0.7 3.86
-6.94 9.32
-6.29 9.19
-4.86 5.29
-3.95 9.19
-7.2 9.32
-15.65 1.65
-7.07 5.55
-3.17 5.81
-1.61 10.49
-14.35 -0.43
-2.26 6.98
-13.7 -1.47
5.8 -0.95
-15.26 2.17
-3.04 9.58
0.34 4.25
-0.44 8.02
-16.04 0.48
-1.61 9.58
-10.58 7.5
-0.83 7.37
6.06 2.3
2.94 -0.17
-7.33 7.11
-8.76 6.59
0.86 1.91
-12.14 8.54
2.68 5.68
0.86 4.64
-5.9 5.94
5.28 0.74
-1.09 6.85
1.77 2.04
-11.49 6.33
-7.85 9.97
-15.91 1.26
-1.22 7.63
-15.39 2.82
5.28 -1.73
-14.48 5.55
-13.83 1.78
-4.08 7.37
0.99 4.25
-16.17 3.47
-3.56 6.85
6.45 1.91
-6.42 8.93
6.84 -0.69
-3.04 10.1
0.73 4.51
-3.3 10.88
-15.65 0.09
-0.7 7.63
-13.31 0.87
-6.81 6.2
-6.68 8.67
-0.57 7.63
2.55 4.38
-13.05 1.52
-12.79 6.07
-15.39 1
-15.52 -1.21
-14.87 -0.3
-13.44 2.69
-0.96 5.16
-15 2.82
-11.75 3.08
3.72 1
2.55 3.21
-12.27 0.87
-14.48 -0.3
7.1 -1.73
-3.56 7.63
-13.05 -0.56
-3.3 5.42
0.6 7.24
-16.82 3.08
-6.29 6.33
-15.91 5.03
3.2 -1.99
-2.13 4.64
-10.97 7.24
2.03 -1.21
-3.43 7.5
-14.74 1.65
4.5 -1.86
3.98 6.2
-6.55 5.68
4.63 3.99
-8.76 10.23
-9.15 5.03
5.02 3.34
5.41 3.08
5.8 0.09
-5.77 8.54
-4.34 8.93
-11.49 5.68
-8.63 6.59
-9.15 5.68
-11.23 6.33
-16.43 0.87
-14.09 3.99
-13.7 7.37
-6.29 7.5
0.73 3.73
-17.21 1.78
-12.14 6.85
6.97 0.35
-1.09 5.94
2.55 2.43
-3.3 7.63
-11.1 2.43
-11.62 5.81
-13.05 -1.47
-8.37 4.64
6.84 3.08
7.49 0.09
3.2 2.69
-15 -0.56
-8.5 5.03
-10.06 6.72
-17.21 -1.6
-4.21 9.58
-7.72 8.67
6.32 -0.95
-16.56 1.78
4.63 0.48
3.72 6.72
1.77 7.37
-14.48 3.21
-7.07 4.9
-10.19 7.37
-2 8.28
-6.94 5.03
-11.62 0.35
1.51 4.51
0.99 6.2
-11.36 6.72
3.07 3.08
-15.78 3.21
-13.83 -0.69
-9.54 3.99
4.63 0.48
-14.48 -1.47
-15.65 -0.43
-6.03 6.98
-1.61 8.41
0.47 2.95
-9.93 6.72
-7.59 5.42
-15 2.69
3.46 -1.47
-6.94 9.06
6.19 -1.08
-3.17 9.19
-6.16 7.24
-3.95 10.75
-15.78 0.74
-12.92 6.46
-8.24 6.59
2.94 -0.04
0.6 6.2
1.9 2.43
1.51 1.13
-14.61 3.34
-3.69 9.32
-12.66 -0.56
-0.7 7.24
-8.24 8.93
-15.78 -1.86
-5.77 10.62
-10.58 6.72
-15.13 2.56
-13.7 4.64
-10.84 2.3
0.99 7.89
-1.09 7.89
-13.96 6.2
-2 9.06
-14.35 5.81
-15.39 4.12
5.54 1.13
-13.05 1.13
7.1 0.48
-6.94 7.5
-7.2 6.72
-15.26 -1.99
-12.79 6.98
-9.67 7.5
-5.38 9.58
-0.18 9.84
-16.95 -0.82
3.2 7.76
-7.46 10.75
-2.39 5.42
3.46 6.85
3.59 4.9
-11.88 7.63
-3.43 6.46
0.6 5.68
-11.75 2.17
0.34 6.72
-0.18 7.11
5.93 -0.69
-9.67 6.85
-15.78 -0.95
-8.63 8.02
-14.22 1.65
-0.31 8.02
-4.73 5.42
1.38 4.51
-10.71 4.9
-10.84 5.94
-12.27 2.04
2.16 0.87
-13.31 -1.21
0.99 5.42
-9.54 8.67
3.72 -0.69
-16.04 -0.04
1.38 7.37
5.41 4.12
2.03 -0.69
5.15 -1.34
-6.94 10.1
-13.05 7.5
-11.36 2.3
0.47 8.8
-6.55 9.32
-12.27 5.03
-7.98 5.94
-14.74 3.08
-9.28 10.23
-10.97 5.29
5.8 -0.95
-13.18 3.6
-6.81 7.11
0.73 3.08
-11.75 4.77
5.93 0.61
-13.7 3.21
2.94 3.08
2.03 8.41
-11.1 5.16
-4.08 10.36
-2.52 7.24
-11.23 1.65
-8.5 7.24
-6.68 8.41
-15.39 -0.82
-12.14 8.8
-13.96 4.9
2.55 4.51
-16.69 -0.95
-11.75 7.37
-16.04 -1.99
-9.67 5.16
1.51 2.69
6.19 2.3
-0.96 6.33
-7.59 5.81
-17.47 -1.34
-3.43 5.16
-1.48 8.02
-2 9.32
7.49 -0.95
-2.39 9.97
2.94 -1.73
-12.92 6.07
-16.43 -0.95
-1.09 9.06
7.62 -0.3
-16.82 -0.56
-8.5 7.63
-13.31 2.95
-5.38 7.24
-13.44 0.87
-5.38 10.62
4.24 2.17
3.33 3.73
3.07 1.13
-9.02 9.58
3.33 -0.95
-3.04 8.93
-7.33 8.8
-10.45 5.42
2.68 5.16
-16.56 2.43
-2.78 8.41
3.33 -1.08
4.89 2.82
6.84 0.74
2.16 3.99
-14.22 2.56
-1.74 10.1
-11.88 6.72
-1.48 9.71
-8.24 8.41
-17.73 -0.56
-2.13 4.64
0.21 3.86
-2.91 6.85
-3.95 10.88
-15.91 0.61
6.58 3.47
2.03 8.54
3.46 3.21
-7.85 6.07
-8.89 8.28
-15.13 5.29
-10.19 3.99
-1.22 6.59
2.94 6.98
-14.74 1.13
6.84 -1.86
0.99 4.77
-8.76 5.03
-10.32 9.45
-16.56 2.95
-0.44 8.93
-2.65 5.94
2.03 3.34
-11.62 4.64
-5.38 8.02
-11.23 5.94
5.41 0.22
-17.73 -0.82
5.41 -1.47
-14.22 -1.99
-2.78 5.03
-3.04 5.03
-2.26 6.59
-2.39 8.67
-11.23 8.41
-7.59 8.93
-4.86 10.62
-0.83 9.32
-1.35 5.81
-2 9.19
-16.43 -0.17
2.94 5.68
-11.88 7.24
-4.47 9.97
-15.78 -0.43
-13.05 2.95
-11.23 3.34
-5.38 6.72
-8.24 4.9
-13.18 2.3
-14.87 -1.6
-6.03 7.76
5.28 -1.47
-1.35 4.51
-1.35 8.02
-11.23 6.85
3.98 1
5.02 5.16
-16.95 1.13
-14.87 5.16
-8.76 4.77
-1.09 4.38
4.11 5.68
-5.77 8.54
-8.5 6.33
-6.42 9.19
-13.83 2.95
1.51 1.52
-16.69 0.74
3.33 2.95
-2.52 8.28
4.76 0.09
2.03 -0.69
-1.74 9.97
-14.48 6.85
-4.08 5.03
-6.81 6.33
4.24 2.95
4.89 4.51
4.37 1.65
-14.35 4.9
-8.76 6.72
-4.86 7.63
-7.98 5.29
-12.14 1
2.42 -1.73
-16.3 -1.73
-15.91 3.6
-17.21 -0.56
-1.48 10.1
-11.88 2.04
-10.45 7.24
-6.55 9.97
-11.1 7.89
-13.57 0.35
3.59 5.55
-4.6 7.63
-1.09 4.51
-2.91 8.8
-15.65 -1.34
3.07 -1.6
-12.01 -1.73
2.29 4.77
-6.16 6.46
-8.76 8.41
-1.22 4.51
-1.35 9.84
-16.56 -1.47
-7.46 9.06
-10.19 9.58
-12.4 2.43
-4.86 7.76
1.51 8.54
-2.65 6.07
1.38 6.98
-16.69 0.22
-9.8 8.93
-13.96 6.59
3.46 4.51
-1.87 7.76
1.38 1.13
-6.55 9.97
-6.94 6.07
-13.96 1.39
3.2 6.72
-6.42 9.84
-0.96 4.38
3.2 -0.3
-1.61 6.72
4.11 -0.82
-7.46 5.29
-9.15 6.85
-16.17 -0.17
3.85 4.9
7.62 -0.56
-4.99 5.94
-11.36 3.34
-17.6 -1.6
-2.52 5.42
5.41 1.65
-12.66 3.34
4.89 2.3
6.45 -1.6
4.11 4.77
0.34 9.06
2.16 5.03
-4.47 10.75
-12.01 3.08
-0.44 4.9
-4.6 10.88
-14.35 1.39
6.58 2.82
-0.83 8.93
-3.95 10.62
-14.74 3.21
-16.43 3.73
3.46 5.55
-0.83 8.54
3.2 3.34
-2.13 8.93
-2.52 5.81
-16.95 1.65
5.8 0.09
-8.76 9.45
-5.77 7.5
5.8 4.25
3.59 5.29
-13.7 6.2
-12.4 3.86
3.59 -0.95
-10.06 7.63
-11.88 5.94
-1.48 4.51
-10.06 6.46
0.73 7.76
4.89 2.95
-9.28 6.2
-3.3 10.36
0.73 4.38
-10.71 5.42
-12.92 7.63
-15.52 2.95
4.24 6.2
4.89 -0.04
4.89 5.81
6.58 -1.99
-16.04 -0.43
3.72 5.29
-5.25 8.93
4.5 3.86
0.34 6.33
-8.11 7.76
-13.83 0.48
2.68 0.48
-11.49 8.8
-0.18 5.55
-11.36 5.55
-8.5 6.33
1.9 1
-7.98 8.28
3.46 1.13
-10.84 8.02
-12.92 5.94
-0.7 9.19
3.46 2.17
-5.51 8.15
-15.39 3.21
-6.55 5.94
-13.96 1.13
-13.18 5.94
0.6 8.54
-16.95 2.3
-15.13 1.91
-15 0.35
-14.48 4.25
1.51 3.08
5.41 2.04
0.34 9.45
-4.6 8.15
-1.74 8.54
-3.43 10.75
-12.66 -1.34
-13.57 1
1.9 8.41
-13.31 0.87
7.62 0.22
2.42 -1.73
-12.01 -0.43
1.38 3.47
0.6 2.43
-10.58 6.72
-11.36 7.89
-12.01 3.08
-14.35 3.34
-14.35 -1.99
6.06 1.91
-12.14 -1.86
-7.46 8.02
6.06 3.99
-1.48 7.24
-14.74 -1.73
0.86 7.37
-6.29 8.28
-0.57 8.15
3.98 2.69
1.51 1.78
-10.45 4.64
-4.86 9.71
-2.26 7.24
1.38 5.03
-12.79 2.82
-3.17 9.71
-15.13 -1.34
4.11 4.25
-4.34 8.41
-11.23 5.55
-16.69 3.08
-9.8 5.81
-8.5 4.51
-0.31 8.15
3.85 3.73
6.97 -1.73
-0.7 4.77
4.5 0.48
-14.48 2.56
-6.94 10.36
-9.41 8.93
-10.58 8.28
5.41 -1.73
-4.99 10.75
-6.81 5.55
-12.01 1.13
5.02 3.99
0.08 4.51
5.02 4.38
-11.23 1.78
2.55 6.2
-13.96 7.11
-13.7 3.34
-12.92 4.9
-2.52 6.85
2.42 -1.86
-14.87 6.46
-14.87 -0.17
5.28 -0.3
6.71 0.22
-6.29 6.72
3.98 0.09
-7.98 4.51
-13.05 3.73
-16.69 1
-11.62 4.9
0.21 9.32
-1.48 5.81
4.63 6.33
2.03 3.47
2.03 1
-16.82 1.13
-7.07 9.71
2.16 5.03
4.89 1.39
6.32 2.04
-11.36 4.64
3.85 -0.56
-13.83 3.73
-13.05 7.37
-8.24 6.07
-5.12 8.54
-16.95 1.65
6.32 1.13
-10.97 8.02
5.93 -1.73
4.89 3.47
-3.17 10.36
-11.23 3.34
2.94 8.02
2.16 3.34
-15.52 1.52
-12.79 3.73
3.33 -0.3
-4.34 10.75
4.24 5.94
-9.93 6.59
-4.86 6.59
-5.64 5.42
-11.49 7.24
-5.12 9.97
-8.5 6.07
2.42 1.52
-4.47 5.16
-0.57 5.03
-0.7 6.2
-17.6 0.74
-13.31 1.13
0.99 4.38
3.85 0.74
-9.15 8.54
-1.09 6.59
5.67 4.25
-12.27 8.54
-3.17 8.67
2.29 -0.69
-4.47 9.58
-11.88 0.22
-11.49 2.82
-10.06 6.46
0.86 8.54
-4.47 10.49
-7.98 7.89
2.94 1.78
-1.74 6.2
-0.44 6.72
3.98 -1.47
6.58 0.87
-10.06 7.24
1.77 8.54
-1.48 5.42
-3.56 5.29
6.19 -1.34
-9.67 3.99
-13.96 -0.43
-15 0.61
-13.83 5.16
-12.01 2.82
-14.87 4.77
-5.77 5.68
-3.95 6.07
0.73 2.82
1.38 3.73
2.16 1
6.71 -1.6
7.1 1.78
-1.61 5.68
-4.47 5.16
-15.13 5.81
-10.58 7.63
0.86 9.19
2.03 8.93
-8.24 8.15
2.81 -1.47
-8.63 6.2
-7.33 6.85
-13.31 1.52
-9.02 5.03
-2.91 5.16
-9.28 5.55
-2 5.29
-12.01 7.37
-12.92 -0.82
-17.47 0.22
-7.98 6.59
1.25 5.42
-12.4 8.41
-1.74 5.81
-3.82 6.72
5.02 2.43
-6.68 5.42
-5.38 7.63
2.03 0.48
5.67 2.04
2.68 3.99
-11.23 7.11
-10.06 3.08
-1.35 5.55
-9.67 9.58
7.36 1.13
-15.91 3.86
-0.96 4.38
1.12 7.24
2.55 3.47
-15 3.34
-13.18 1.13
5.93 3.6
-5.64 6.59
-16.17 0.09
-12.92 4.12
0.99 7.11
1.38 5.81
-4.34 10.1
1.64 8.54
-4.6 5.03
-7.85 4.77
-14.35 -1.21
-17.47 1.39
-15.91 3.47
7.62 -1.99
-11.23 1.65
2.03 -0.3
6.58 0.74
-5.12 7.11
-14.61 1.65
3.07 0.48
3.07 3.34
-10.58 4.12
0.99 2.04
-17.6 -0.56
2.68 0.22
-6.81 7.37
-10.71 7.89
-13.96 4.64
-6.81 6.33
-6.68 8.8
1.25 8.02
1.9 4.9
-3.82 9.32
7.75 -1.6
-10.19 4.12
7.88 -0.95
-11.23 7.76
-7.59 5.16
-10.19 4.38
-0.05 4.38
-0.7 8.02
5.15 0.74
-11.36 6.33
7.36 -1.86
1.9 3.08
-13.44 1.78
-0.31 4.25
1.64 5.29
0.47 8.15
-0.83 5.81
2.42 -1.73
-8.11 8.28
-6.68 5.68
3.85 3.6
-2.91 10.49
-15.39 5.55
-1.87 6.2
-0.05 8.15
-7.46 5.03
-13.18 8.02
-7.72 9.58
-0.18 5.29
-3.69 4.9
-15.78 -0.56
-2.52 4.64
1.38 2.82
-15.65 3.6
7.23 -1.34
-12.92 -0.69
-9.02 8.41
-16.82 0.87
-13.31 -1.08
1.12 3.99
2.16 7.24
4.89 2.3
-5.38 9.58
-9.54 9.84
3.2 7.5
-8.76 8.28
-1.09 8.15
3.72 5.68
-15.52 2.04
-12.27 4.12
-11.49 4.38
2.81 6.98
-13.7 -1.6
-3.95 7.37
-17.34 -0.69
-0.57 6.59
-2.65 8.02
-15.78 0.87
1.51 0.74
-11.36 7.11
2.42 4.9
-4.47 10.23
-15.52 -1.73
-13.31 6.98
0.6 8.93
6.58 -1.6
-14.48 2.82
-9.02 7.89
-8.76 6.85
6.71 -1.86
-2.13 5.94
-12.01 1.39
-4.73 6.85
0.21 7.11
-12.4 4.51
-12.27 3.47
-12.92 4.77
-3.04 7.37
-14.87 4.64
-7.46 9.58
2.29 1
-5.77 5.81
-15.39 4.77
-16.82 -0.17
4.24 5.29
-6.81 7.89
-1.74 7.89
-15.39 2.43
-0.83 5.03
4.5 4.38
-3.95 7.24
-7.72 6.46
-13.44 -1.08
-9.67 6.59
-2.78 10.49
1.64 5.16
-6.42 5.03
2.81 4.9
-4.86 9.97
-15.52 -0.43
-9.02 8.67
-5.9 8.15
-0.83 9.06
2.68 -0.17
-10.58 8.28
-12.14 6.33
1.25 1.26
-0.44 4.9
-9.54 7.24
3.98 4.38
1.25 7.89
-5.12 8.93
5.8 4.77
6.19 1
2.81 2.43
-5.12 5.81
2.29 -1.21
-10.97 6.98
-16.69 2.3
1.12 3.86
-13.18 -1.6
-13.18 7.76
-14.61 4.38
-14.09 2.69
-5.12 7.63
-3.82 10.36
-2.78 5.55
-2.52 7.89
-12.01 -1.47
4.11 -1.34
-3.69 7.24
-7.72 7.24
-13.05 7.89
6.06 3.86
-11.23 5.55
-7.98 7.24
-6.94 5.81
-10.97 6.98
6.06 4.12
-10.71 4.9
-3.17 10.23
2.81 3.08
-13.96 2.95
-0.83 3.73
5.41 5.29
-15.91 0.22
7.1 2.3
-11.75 7.37
-12.4 3.6
-10.19 9.58
-7.33 5.55
-12.4 3.86
2.81 1.13
-12.79 5.81
-13.83 2.82
-13.7 -1.21
-4.08 8.8
-14.61 4.12
0.86 6.72
2.81 -1.99
-14.22 3.6
-10.32 3.73
2.16 -1.86
2.16 -1.86
1.12 4.77
-9.28 6.2
-11.88 7.89
-13.31 5.03
-14.09 3.73
-13.31 -1.08
-14.87 -0.43
-10.19 8.28
-3.95 10.62
-16.3 2.95
-12.14 1.52
-12.92 0.61
6.97 1
-5.25 5.94
-1.61 8.67
-7.98 5.03
2.55 6.33
0.6 4.38
-2.26 7.89
-9.54 3.34
-7.59 7.37
-8.76 5.16
-11.75 6.98
-16.43 3.6
4.76 2.3
-8.76 9.71
-3.17 6.2
-4.6 5.16
-8.76 7.11
4.37 2.04
-5.9 10.36
-7.2 5.42
-0.44 4.38
1.25 1.91
-0.83 9.71
-1.61 5.68
-16.82 -1.21
-0.44 4.38
-16.17 3.21
3.98 1.52
-3.17 8.28
-15 -0.82
-4.08 6.85
1.51 1.26
5.93 2.3
6.45 1.13
-0.05 4.77
-13.05 6.2
6.06 3.08
-3.43 7.24
-14.09 5.42
-13.83 7.37
-3.95 7.11
-13.44 7.24
3.07 5.29
-8.24 7.76
-8.89 6.07
3.33 5.55
-9.8 9.45
-4.99 9.19
3.72 1.52
-13.7 2.04
0.73 4.38
-1.61 6.72
-10.06 9.84
1.25 3.6
-13.31 5.03
-4.99 7.89
-4.08 7.76
-10.06 5.81
-12.66 6.59
-15.26 0.74
-9.02 4.12
-1.74 4.51
-15.39 2.95
-6.16 5.81
-13.31 2.3
-1.48 10.49
2.94 4.25
-2.78 6.72
-8.89 6.72
