15.8 0.19
16.19 0.97
-1.62 -8.26
13.07 -7.48
10.21 -7.61
13.72 -7.22
-5.13 -3.45
12.29 -1.5
17.49 -0.46
3.32 -9.95
10.08 -9.43
3.19 -5.66
-2.27 -8.52
13.72 -3.71
9.17 -7.22
5.4 -8.52
-5.65 -5.14
-2.01 -4.36
15.28 0.45
13.33 -7.35
16.32 -3.71
-3.18 -7.35
1.76 -10.08
-4.22 -6.18
10.6 -9.56
5.53 -8.65
10.47 -2.67
10.21 -8.13
6.44 -9.69
-2.27 -7.61
6.05 -8.91
8.13 -6.18
0.07 -7.87
-6.3 -2.15
16.71 1.36
3.32 -9.43
-0.32 -9.82
9.69 -9.69
10.08 -9.56
5.66 -7.35
15.93 -3.45
7.61 -7.87
-5.13 -2.02
17.49 -0.46
-4.09 -0.07
1.37 -4.49
-5.13 1.88
-2.79 -5.53
-1.49 -3.84
15.28 -0.07
5.53 -9.3
-2.53 -2.15
12.55 1.75
11.9 -4.75
9.3 -4.75
5.01 -5.01
5.4 -6.7
13.2 1.62
-3.31 -3.19
17.23 1.62
4.88 -5.4
5.53 -7.22
3.06 -7.22
-0.06 -5.53
2.02 -6.57
3.71 -7.61
-0.58 -7.48
-6.43 -0.72
16.58 -1.37
12.16 -5.66
16.32 0.45
14.11 -0.07
-0.71 -8.78
-1.62 -6.18
1.5 -6.18
-7.08 -0.85
1.63 -6.7
12.42 -0.46
14.5 -4.88
-3.96 -2.93
14.63 0.84
-0.97 -7.09
7.09 -10.73
14.11 -2.93
15.02 0.06
14.89 -0.2
13.2 -4.62
-7.34 -0.33
7.22 -7.09
4.23 -8.78
10.99 -6.44
6.31 -8.65
13.2 -3.84
14.24 -3.06
-3.7 0.06
16.58 -1.5
3.06 -10.21
13.72 -7.61
13.2 -0.98
-3.57 -5.79
11.51 -7.09
2.67 -6.44
12.03 -5.4
-2.79 -0.85
12.68 -2.93
-2.66 -4.75
-5.26 -3.58
0.98 -8.65
8.65 -10.21
5.79 -9.69
-4.61 -2.28
11.12 -8
-6.3 -3.58
2.54 -10.6
7.61 -6.7
3.32 -9.04
4.49 -7.74
4.62 -6.83
5.79 -9.04
13.07 1.62
-5.26 -2.41
13.2 -3.19
2.67 -9.56
7.09 -8.39
8.65 -5.92
-5.65 -5.4
3.45 -7.74
-3.18 -4.1
3.45 -9.69
15.02 1.88
11.77 -8.78
13.85 1.75
0.59 -7.35
12.16 -1.63
14.63 -5.14
17.62 -0.2
-1.23 -4.49
16.71 -2.8
-0.32 -7.35
16.32 -3.71
12.94 -0.2
-3.05 -2.28
13.33 0.58
13.98 -6.31
-1.62 -9.17
11.77 -8.26
-3.96 -1.5
-5 0.19
8 -4.49
-2.53 -7.87
3.58 -5.27
0.98 -6.05
15.54 -1.24
0.59 -9.56
7.35 -8.91
4.49 -8.65
5.66 -7.09
13.07 -7.87
-6.69 -0.59
4.1 -6.96
6.31 -8.39
-3.05 -1.89
-5.26 -2.28
-4.22 -1.76
-4.87 0.45
13.98 -6.83
-3.7 -2.8
16.32 -0.72
16.19 -0.46
14.5 -5.4
12.03 -5.27
-0.32 -2.8
5.66 -10.47
9.43 -8.52
6.96 -6.44
0.98 -4.49
3.32 -10.73
3.58 -9.69
12.42 -7.22
3.97 -8.26
7.87 -10.34
15.15 -4.88
5.01 -5.14
11.9 -7.61
-5.78 -2.67
7.74 -8.39
8 -6.18
9.04 -8.78
14.24 1.36
2.15 -9.43
10.47 -5.92
-3.18 -2.8
6.7 -6.96
9.95 -7.74
-4.61 -6.57
-2.14 -1.63
-3.83 -1.11
11.9 -6.44
3.97 -9.82
4.49 -5.79
1.5 -10.21
5.27 -7.74
9.04 -4.1
8.65 -7.48
4.23 -8.52
-2.4 -6.05
4.36 -9.69
10.47 -2.41
4.75 -7.74
11.12 -1.63
13.2 -6.7
16.06 1.62
2.28 -6.57
8.91 -7.61
3.97 -8.91
7.61 -7.61
17.23 1.88
3.19 -5.53
-3.57 -2.02
15.93 1.49
0.46 -4.36
10.6 -6.18
16.32 -3.06
12.81 0.45
2.28 -8.39
8.13 -7.35
13.2 -2.41
4.1 -6.7
-6.3 -3.97
15.67 -5.27
11.64 -1.5
-6.56 -2.54
13.85 -0.46
-6.3 -0.2
9.56 -9.17
10.21 -9.56
-0.58 -6.31
2.54 -8.39
13.72 1.62
-3.7 0.71
9.56 -8.13
-2.4 -3.84
-1.1 -3.19
-1.23 -8.39
-5.26 -3.19
2.8 -8.91
0.72 -8
15.67 0.97
6.44 -6.44
-6.95 -2.93
13.85 1.36
4.88 -8.13
15.41 -1.76
8 -10.6
5.53 -10.08
-3.31 0.71
12.81 -7.61
11.25 -8.26
8.52 -9.69
13.85 -6.96
10.34 -5.01
14.63 -3.45
16.58 -2.28
9.17 -6.05
-0.58 -6.83
11.25 -3.06
13.98 1.62
-5.65 -1.89
-5.26 0.06
-3.57 -4.88
10.47 -7.09
16.84 -2.8
8.91 -8.13
-3.57 0.06
8.91 -5.79
-1.62 -4.36
-1.75 -1.63
-4.35 -0.33
12.42 0.45
15.67 -0.33
-5.78 -0.07
11.51 -6.31
-6.69 -3.19
9.43 -6.7
-0.19 -5.92
16.19 0.19
9.69 -6.44
4.1 -6.18
11.51 -6.96
-4.09 -4.36
8.26 -5.53
12.94 -1.11
-4.74 -0.33
11.64 -6.44
12.68 -6.31
1.24 -9.82
3.71 -6.44
14.76 -4.49
-4.35 -0.85
12.55 -4.1
10.73 -6.57
10.47 -6.57
0.46 -6.83
13.2 -0.33
-3.05 -7.48
0.98 -10.08
4.36 -10.86
3.97 -6.96
6.7 -7.35
4.88 -5.66
17.36 0.71
-6.95 -0.33
13.33 -3.58
-0.71 -4.88
-0.19 -5.79
14.5 -4.75
13.59 -2.28
12.94 -6.44
-1.88 -4.75
8.78 -4.36
-2.53 -6.57
0.33 -5.4
10.47 -3.71
-2.79 1.49
-4.35 -5.01
12.29 -4.49
13.72 -5.27
-0.45 -4.23
4.75 -10.34
8.91 -8.26
6.05 -5.79
8 -10.47
11.64 -6.18
5.14 -6.7
16.97 -2.02
4.23 -7.09
10.73 -3.58
12.81 -7.35
-2.92 -6.7
-2.27 -8
2.8 -5.27
12.16 1.1
-2.53 -5.66
-5.78 -3.84
15.28 -0.2
-3.18 0.58
-1.88 -4.1
17.36 -0.59
8.13 -9.56
-2.66 -6.96
4.23 -8.78
-3.44 -0.2
9.82 -4.1
6.96 -9.3
15.41 -5.66
-3.44 -6.05
11.77 -5.53
12.29 -2.8
10.73 -3.71
15.28 -4.75
-3.05 -5.53
8.13 -10.21
6.7 -6.44
-1.88 -3.97
-0.58 -6.83
-2.79 -4.36
-1.49 -1.63
0.2 -9.04
-5.39 -5.01
-4.22 -2.67
-1.49 -4.75
-7.47 -1.63
-1.88 -2.28
-1.75 -3.97
-4.22 -6.96
11.25 -5.53
13.98 1.75
-6.56 -2.02
-2.79 -1.76
10.34 -7.48
-0.32 -7.61
1.89 -7.09
4.23 -5.92
-2.53 0.97
-1.62 -3.45
10.99 -7.35
-0.45 -9.17
-6.17 -2.93
10.08 -3.71
5.4 -6.18
-3.7 -5.53
-5.91 -5.01
-5.26 -5.53
4.1 -8.78
13.59 -3.45
12.68 -2.41
-2.01 -7.09
4.49 -9.3
5.53 -10.34
8.52 -4.49
-4.61 -0.59
10.99 -3.06
12.81 -4.49
8.52 -4.23
11.9 -1.76
15.93 -4.75
13.2 -1.37
10.47 -7.74
16.71 0.45
4.49 -8.52
4.1 -7.74
12.03 -4.75
-2.01 -7.09
8.26 -4.36
0.59 -6.18
5.53 -6.7
14.24 0.97
-1.49 -3.58
-4.61 -3.06
2.02 -8.26
16.71 0.32
2.28 -9.3
13.2 -6.31
8.13 -9.82
-0.45 -3.19
14.24 -0.07
1.5 -6.44
10.86 -9.04
15.67 0.45
9.69 -6.96
12.55 -6.05
14.11 -1.63
8.52 -4.36
17.49 -0.33
-6.69 1.23
-1.88 -4.23
-3.05 -4.49
3.45 -5.92
12.94 1.36
10.34 -4.1
9.95 -6.96
14.24 1.88
10.99 -3.97
9.82 -7.35
-5.13 0.06
-3.31 -0.72
8.52 -10.08
5.53 -8.52
12.29 -5.01
-0.84 -5.92
5.79 -9.43
15.02 -3.71
0.98 -4.23
14.37 -2.41
1.63 -9.56
-1.88 -5.4
17.49 1.75
3.32 -5.79
14.37 -3.32
10.34 -5.01
10.47 -6.05
0.2 -9.17
7.74 -8.91
13.46 -2.54
-0.45 -5.66
2.28 -6.96
-4.35 -4.36
-6.17 -1.5
-5.65 -3.58
5.92 -6.44
11.25 -4.1
-2.92 -5.92
15.02 0.84
2.54 -6.7
4.36 -8.26
-4.22 -0.59
-1.62 -7.74
1.37 -4.88
7.09 -4.88
-1.36 -8.65
-5.91 1.75
-2.79 -6.18
4.49 -8.26
15.02 -1.24
-1.1 -7.09
-4.22 0.45
14.37 -5.4
0.2 -8.39
-3.44 -5.79
13.07 -2.93
-1.36 -6.83
4.75 -6.18
13.33 -0.98
11.64 -9.04
6.83 -9.43
-2.92 0.58
-0.84 -8
10.99 -3.97
-6.56 1.49
-7.47 1.49
9.56 -6.05
9.43 -5.01
3.71 -8.91
15.67 -5.01
16.06 0.97
-6.17 -4.36
10.21 -5.66
-0.97 -7.09
16.19 -1.63
13.07 0.32
8.26 -8.26
16.58 -3.19
15.41 -0.2
14.11 -6.05
15.67 -4.36
11.12 -3.58
-3.83 0.84
-4.61 -2.8
-3.18 -7.48
-5 -3.32
1.37 -6.83
-3.96 -0.33
1.76 -7.35
12.55 -5.92
7.48 -5.4
-0.97 -2.28
-2.66 -6.05
-0.71 -7.35
12.16 -2.54
-6.04 -2.15
-0.71 -9.17
9.95 -9.56
8.39 -9.95
-7.6 -0.98
1.76 -9.56
13.72 -0.98
-5.65 -2.02
-4.61 1.23
14.37 -3.19
9.69 -9.04
-0.71 -6.96
16.71 -0.33
-2.4 0.84
-5.91 -2.41
3.71 -10.73
1.11 -9.56
-3.7 0.84
16.06 -3.58
9.43 -7.35
12.68 -8.39
15.8 -4.49
13.98 -5.01
-2.27 0.58
-3.96 -0.59
-4.74 -5.53
5.53 -10.6
9.56 -3.58
1.37 -4.88
2.54 -6.7
-0.06 -8.78
14.63 0.97
-1.62 -7.35
-6.04 -1.24
-5.13 -1.63
15.02 -1.63
-3.83 -6.05
16.19 -4.49
7.35 -9.82
-2.14 -0.07
-1.88 -8.91
-7.08 -1.11
5.14 -9.56
14.76 1.36
-6.43 -3.58
12.42 -6.44
2.41 -5.79
-0.84 -9.56
4.49 -10.86
2.41 -8.13
1.11 -4.88
15.67 -3.45
13.33 -1.63
-2.01 -2.41
3.45 -5.66
13.59 -7.74
12.42 -2.02
8.13 -7.74
0.46 -4.36
2.15 -10.21
12.03 -4.36
13.98 -5.14
4.36 -6.44
3.71 -5.53
0.07 -9.3
15.28 -3.19
-0.19 -5.01
4.62 -6.05
15.15 -0.46
9.3 -6.05
-3.18 -5.14
2.93 -5.27
-4.35 -6.18
-4.22 1.62
6.18 -8.91
16.84 -1.5
3.32 -5.14
13.59 -6.7
17.88 0.97
16.71 -1.89
1.37 -8
4.36 -8.26
17.88 0.58
-5.52 -1.76
6.96 -7.48
15.8 -3.84
-5.52 -0.2
8.65 -4.62
-5.13 -5.92
10.86 -9.3
12.81 -0.59
0.72 -4.49
13.59 0.19
17.23 -1.76
14.24 -0.72
-3.7 -2.15
15.93 -0.33
-3.57 0.84
17.62 0.58
-0.45 -6.18
3.06 -10.47
15.67 -3.45
-3.96 -5.01
-6.43 -1.11
-2.27 -3.71
4.75 -10.21
-4.35 -1.5
4.49 -9.82
1.11 -7.87
-1.62 -2.8
12.42 -3.45
12.03 1.88
7.74 -5.66
-5 1.23
-2.53 1.49
5.92 -8.65
17.23 -0.98
15.28 0.97
10.21 -7.35
10.86 -6.57
8 -6.44
-0.58 -6.96
7.74 -8.39
0.59 -9.43
10.99 -4.62
10.73 -8.26
2.93 -5.14
3.84 -8.91
0.85 -4.88
9.04 -5.27
12.42 0.32
9.3 -4.62
0.72 -9.43
10.99 -2.02
-2.01 1.49
-0.19 -5.92
-0.71 -3.84
1.76 -6.31
-4.48 -6.31
10.21 -4.36
12.16 -3.06
-5.13 -0.98
-4.35 -4.36
2.8 -9.04
15.8 0.45
-4.22 -3.71
15.67 -2.93
10.99 -4.36
0.07 -5.01
-2.4 -6.31
1.76 -7.22
7.35 -9.04
15.54 -5.01
13.2 -2.15
16.32 -3.32
13.46 -2.28
0.98 -9.69
10.73 -6.57
-0.19 -3.06
-3.96 -7.09
10.34 -9.69
-3.44 -7.48
0.46 -7.22
-3.96 -2.67
4.23 -8.13
-5.78 -4.88
14.24 -5.14
10.47 -5.14
14.37 0.58
-7.73 0.58
12.68 0.19
3.06 -7.09
-5.78 -2.67
1.76 -6.18
12.03 -8.13
-1.62 -7.61
7.61 -7.61
8.52 -10.47
9.56 -7.35
-3.44 -4.23
-2.66 -1.24
5.27 -5.01
-1.1 -7.22
0.2 -7.22
10.21 -3.97
2.93 -8.52
2.41 -5.79
10.47 -8
12.81 -3.32
-6.3 -1.5
15.67 -2.41
7.35 -9.56
0.33 -8.65
-0.58 -5.66
-5.52 -5.53
0.72 -6.18
-4.09 -6.83
1.11 -5.66
1.89 -5.14
3.32 -10.34
-6.04 -0.07
-5.26 -3.84
-6.82 -0.07
-4.87 0.32
-2.01 -3.58
2.67 -9.3
2.15 -6.18
1.37 -4.1
16.97 1.49
10.34 -6.05
8.52 -7.48
1.11 -6.05
-4.35 -4.62
-6.04 0.97
10.99 -5.4
12.42 -8.26
-0.19 -5.92
2.67 -7.48
17.49 -0.85
13.33 -0.72
1.89 -5.92
-2.27 -0.98
13.07 -2.02
9.17 -7.48
13.85 0.45
-1.62 -2.54
-0.19 -4.49
6.44 -6.7
5.53 -5.92
7.87 -5.01
-0.97 -2.15
0.07 -3.19
-2.79 0.19
17.36 -1.11
-2.53 -7.09
-7.08 -2.8
10.08 -8.39
10.08 -8.91
16.06 -0.46
0.85 -9.04
0.33 -8
13.46 -6.44
15.8 -3.97
3.32 -5.4
-4.35 -6.05
9.43 -6.31
-2.79 1.75
11.12 -6.96
0.72 -6.57
-4.87 -5.53
-4.09 -0.07
14.63 1.36
12.42 -7.87
-5.65 -2.41
-4.48 -1.89
-2.27 -3.19
10.73 -4.1
10.86 -8.39
-1.62 -1.37
8.65 -7.87
6.31 -6.18
0.98 -6.18
6.05 -7.22
12.55 -2.15
3.84 -8.39
14.89 -3.06
13.85 -1.11
5.53 -9.04
10.6 -5.53
-2.92 0.32
5.4 -5.01
-5.13 -1.76
-2.92 -6.83
9.82 -9.17
2.54 -5.53
4.49 -8.65
-0.45 -9.43
16.06 -0.07
2.67 -4.62
2.54 -4.88
-2.79 -0.07
11.12 -1.89
16.71 -3.58
12.68 -6.7
8.13 -7.74
-2.27 -5.4
-4.74 -3.97
14.5 -6.44
13.72 -5.14
4.23 -5.4
-5 0.71
3.32 -7.35
-1.36 -3.58
-1.23 -8
12.94 0.97
14.37 0.58
0.07 -3.06
-3.96 -0.59
0.07 -9.69
15.54 -4.1
-7.08 -1.11
3.97 -9.04
11.38 -6.31
1.5 -10.34
16.19 0.84
12.81 -3.97
-1.23 -6.57
-5.26 1.88
-3.44 -1.24
-4.48 -5.4
3.58 -6.05
8.52 -7.61
13.07 -1.24
13.72 -5.79
0.85 -4.88
-2.79 -0.85
8.26 -5.01
12.94 -4.88
-2.66 -7.22
-2.01 -2.41
12.29 -4.23
13.85 -6.96
9.69 -9.82
-4.48 1.62
-0.58 -8
12.29 0.84
-3.05 1.49
-6.69 1.75
-0.06 -8.39
-4.48 -5.27
11.9 -7.09
4.75 -5.27
-3.96 0.06
10.08 -6.83
-2.53 -3.06
11.77 -9.04
3.97 -5.53
15.93 1.49
-3.7 -4.36
16.19 -1.37
8.39 -5.01
-3.31 -5.53
-6.95 -2.02
-2.53 -0.46
0.59 -8.65
-4.09 0.84
8.78 -9.69
-3.44 -5.53
12.03 -4.36
-6.3 -1.5
-1.36 -1.24
9.82 -6.57
16.58 1.36
3.71 -5.79
-2.14 -3.71
2.8 -10.73
-0.32 -3.45
0.33 -3.58
-0.84 -5.01
17.49 -0.33
8.52 -4.23
14.5 0.71
16.06 -2.28
15.28 -4.36
-7.34 0.45
15.28 -1.11
15.67 -3.45
5.4 -8.13
3.19 -7.35
15.41 -0.85
14.24 1.75
5.14 -6.18
9.69 -8.52
15.93 1.23
-0.58 -5.14
-1.75 -5.27
-6.04 -1.5
10.99 -7.61
11.64 -7.87
4.1 -10.47
-5.91 1.23
7.35 -9.69
0.07 -9.43
-2.79 -1.11
13.07 1.23
13.72 -2.28
-0.06 -5.66
-2.14 -7.74
4.62 -10.6
12.81 -3.19
4.36 -5.79
-3.7 -5.27
6.57 -10.34
9.69 -5.27
-3.96 0.71
1.11 -5.14
-6.69 0.45
-2.14 -0.59
17.88 0.97
15.54 0.32
3.45 -9.69
0.72 -3.71
-0.58 -6.05
12.94 -2.28
-2.92 0.97
15.41 -3.71
-0.97 -8.39
12.42 -2.93
13.07 0.71
-7.86 0.45
15.54 -0.07
1.24 -3.97
15.67 -5.14
0.72 -4.49
-3.05 -4.75
14.63 -6.18
4.49 -10.6
16.71 0.06
14.11 1.49
17.62 -0.2
9.95 -7.35
13.2 -1.76
17.49 -1.5
16.32 1.62
15.41 -1.76
4.23 -6.57
-6.17 -0.98
16.58 0.32
14.89 -0.07
3.71 -5.79
-7.21 -1.76
13.72 -6.31
17.23 0.45
17.36 -1.24
15.15 0.45
-6.69 0.19
16.58 -2.41
6.96 -8.78
13.33 -4.1
3.06 -7.74
15.02 -0.85
-5.39 -0.98
3.97 -8.52
-4.35 -3.58
13.85 1.23
7.48 -7.61
-0.06 -4.23
7.35 -9.69
4.49 -8.39
-1.36 -2.67
-7.73 0.06
9.17 -9.04
-4.09 -1.63
1.5 -9.69
3.06 -6.31
-3.57 1.88
3.45 -9.69
5.92 -6.57
1.5 -10.21
-5.13 -4.62
-3.7 1.1
0.72 -5.79
12.16 0.97
0.85 -6.7
1.37 -8.13
3.84 -6.44
-3.05 -2.15
-1.49 -7.61
11.12 -7.35
10.6 -4.49
7.09 -6.44
2.54 -8.13
2.93 -5.79
15.67 0.06
3.58 -5.79
-6.17 -2.15
11.9 -5.01
-5.39 -2.15
-1.75 -2.54
-4.61 1.1
14.89 1.36
0.33 -9.3
14.24 -5.14
17.49 -1.11
-2.27 -7.09
-6.17 -2.67
-1.49 -4.1
1.76 -7.22
-5.65 0.71
-1.62 -3.71
10.6 -5.14
-4.48 -4.36
-1.36 -7.09
16.19 -1.89
12.94 -6.31
15.93 0.19
-1.88 -6.57
-6.56 -2.54
12.29 -2.67
2.93 -5.01
-7.21 -2.41
9.04 -7.22
-2.01 -6.44
6.18 -9.56
17.62 0.45
13.07 -7.61
1.5 -10.08
7.22 -9.95
2.28 -8
15.15 -1.63
13.59 -1.11
9.95 -3.71
14.63 -4.62
14.11 -1.63
11.38 -8.26
13.33 0.58
13.59 1.62
1.63 -9.82
-5.78 1.49
-0.32 -3.06
-3.18 0.06
15.93 -0.59
14.89 -6.31
14.63 -0.98
-1.36 -6.96
5.66 -10.34
-2.53 -6.31
15.67 -5.27
8.91 -5.92
12.29 -1.11
9.95 -3.32
2.41 -5.4
-5.91 -5.01
16.06 -3.32
14.24 -6.05
16.84 -3.19
9.04 -6.83
10.47 -8.39
13.85 0.84
14.37 -1.63
-1.88 -1.11
9.3 -7.61
-0.84 -8.78
11.64 -3.32
16.06 -0.85
12.81 -8.13
15.41 0.06
8 -9.95
1.89 -6.05
8 -9.3
2.54 -6.44
14.76 -0.59
7.87 -5.01
0.2 -3.19
-2.79 -5.92
7.87 -6.18
6.44 -7.74
6.31 -10.47
15.93 0.06
14.24 -3.71
10.73 -5.01
-1.1 -6.05
-2.14 -0.07
13.07 1.1
-3.83 1.88
6.44 -6.18
6.05 -5.14
5.53 -6.44
16.58 -2.54
-0.97 -2.8
-7.34 -0.46
-2.92 -2.8
-2.14 -6.31
-0.84 -8
-0.58 -2.93
-6.43 -2.41
-5.91 -0.72
-4.74 1.49
-3.05 -3.45
15.67 1.36
1.63 -4.49
2.54 -5.4
9.04 -7.22
1.37 -8.91
9.43 -6.57
1.37 -9.04
11.77 -6.96
11.12 -3.06
4.36 -7.09
-2.4 -5.79
-3.7 -4.49
-4.74 -2.54
-4.09 -1.63
-3.31 1.23
16.19 -2.02
0.85 -4.62
-2.92 -7.35
1.11 -7.35
-5.65 -0.2
14.89 0.97
13.07 -1.76
16.84 -1.63
6.05 -9.3
9.43 -6.05
1.5 -6.18
15.8 -2.28
8.39 -5.14
3.58 -6.31
-6.04 -1.76
-2.92 1.75
12.94 -0.2
1.89 -10.34
14.5 -6.7
3.32 -6.96
3.32 -8.65
-7.21 -2.02
8.52 -5.53
11.64 -2.54
12.94 -3.32
-4.22 -2.28
2.67 -6.7
5.14 -6.83
-3.44 -5.27
16.32 0.06
0.98 -7.09
6.31 -9.04
8.65 -8.52
13.98 -7.35
-3.96 -1.89
-3.57 -1.24
15.67 0.19
11.77 -1.11
2.54 -7.09
0.72 -9.43
14.63 -4.62
0.33 -9.17
-2.4 1.36
15.93 -2.41
7.35 -5.4
-0.71 -9.56
12.29 -0.72
-5.26 -1.37
11.38 -6.18
3.06 -7.87
10.08 -5.01
-0.58 -3.97
8 -4.88
13.72 0.97
0.33 -9.69
12.42 -7.22
-3.44 -3.32
-0.84 -7.48
-1.36 -8.13
-5 -3.32
-0.58 -9.17
-3.05 -5.27
9.3 -8.65
0.46 -7.35
13.2 -3.06
-2.4 1.23
-7.34 -0.85
13.72 -3.19
2.93 -9.56
-3.44 -5.01
-2.53 -6.31
-1.23 -9.3
12.55 -3.32
10.73 -5.53
-7.6 1.75
10.99 -8.52
4.75 -9.69
-0.32 -3.97
17.62 -0.33
16.71 -2.28
11.12 -4.62
-1.23 -8.78
10.6 -6.44
10.47 -8.52
-5.39 -0.07
2.28 -8.65
13.46 1.23
15.28 -2.67
17.23 0.71
13.59 -2.02
15.8 -0.2
-1.23 -7.48
3.19 -8.65
16.71 1.23
-1.88 -3.19
15.67 -4.36
-3.18 -7.09
0.85 -9.17
15.93 1.36
-3.18 1.75
15.93 -2.02
-1.23 -3.71
-5.52 -0.85
7.87 -7.87
-3.44 -3.45
-4.48 -5.4
7.09 -9.56
3.71 -6.7
12.81 -0.46
12.81 -0.2
7.48 -8.39
10.47 -8.91
0.46 -7.48
17.88 0.58
15.41 -1.76
-2.92 -1.5
-1.1 -9.43
-5.26 0.19
8.91 -9.95
-5.39 -2.54
-5.91 -4.75
3.97 -10.08
12.03 -2.02
3.97 -10.08
-2.14 -7.09
15.54 -3.58
-5.52 -1.11
-2.53 -1.11
6.05 -6.96
-2.66 -8
7.35 -9.17
11.38 -3.58
-7.08 -2.54
-2.14 -7.61
13.72 -4.62
-0.32 -7.35
15.54 -3.06
-5.26 1.1
-1.88 -8
11.77 -0.98
10.08 -3.58
12.81 -2.41
0.07 -5.53
12.29 -3.32
9.56 -7.09
16.45 -1.63
15.41 1.62
-6.82 0.45
12.81 -4.23
-0.97 -2.93
-4.35 -5.14
-2.66 -2.41
-1.1 -9.3
14.76 -2.67
13.46 1.62
-6.56 -1.76
16.32 -3.06
1.89 -9.69
-3.96 0.32
-3.7 -3.71
7.48 -7.61
-4.74 0.97
6.7 -4.88
-0.19 -8
9.95 -8.39
-3.44 0.19
4.88 -8.65
7.09 -6.31
11.38 -5.27
-5 -4.88
17.88 1.23
-3.7 -2.28
13.72 -4.75
1.76 -5.79
15.02 -3.84
-3.18 -1.76
16.32 0.19
14.11 -6.31
14.76 -0.98
-5.13 -3.84
-6.04 0.84
1.63 -8.52
8.65 -5.92
9.17 -5.79
9.3 -7.22
14.89 -6.31
-1.1 -9.3
11.25 -8.26
-4.87 -3.97
12.16 -7.87
3.84 -10.21
7.61 -4.62
14.11 -5.27
14.11 1.75
10.08 -3.71
-2.79 0.71
-3.57 -7.22
-3.83 -5.79
3.19 -10.73
9.95 -5.66
-3.05 -1.24
13.72 -4.23
15.67 -3.32
4.49 -7.09
17.23 -0.98
14.76 -2.02
15.8 -2.93
5.66 -10.21
9.17 -9.82
11.12 -8.13
12.68 -7.61
11.64 -4.75
-2.27 -6.44
-0.45 -8.78
-6.04 -4.62
13.2 -3.06
-1.23 -2.28
0.33 -4.88
-3.7 1.88
-1.49 -2.28
-2.4 0.71
15.54 -0.46
1.24 -4.1
6.31 -9.3
11.25 -9.17
-0.58 -9.17
-7.86 0.97
1.24 -5.01
-0.19 -4.49
11.25 -3.19
-6.04 -0.72
9.56 -6.31
9.95 -8.13
14.11 -4.49
-2.53 -7.61
6.96 -10.21
-2.4 -0.2
5.66 -10.08
-6.17 1.88
-3.44 0.19
6.83 -5.14
9.04 -6.31
9.43 -4.1
5.79 -10.86
3.84 -8
12.94 -6.44
-4.61 0.84
-2.27 -6.7
2.41 -5.53
3.19 -6.31
16.71 -2.02
11.64 -1.89
0.33 -4.23
7.48 -6.7
5.14 -10.21
14.11 0.71
-5.26 -1.11
-6.3 -2.67
15.8 0.84
10.6 -8.39
3.97 -8.91
5.27 -10.99
-4.87 1.1
7.87 -7.22
10.73 -2.67
14.63 1.88
11.77 -7.22
-7.08 0.84
15.02 -3.19
-5.78 -3.97
-3.57 1.75
13.59 -0.07
9.95 -9.17
-3.7 -2.15
12.68 -2.54
1.37 -8.26
1.24 -7.09
-6.95 1.1
-2.4 -5.53
-5.26 0.97
5.92 -7.09
9.82 -9.69
12.29 -2.28
9.69 -7.22
11.12 -5.14
5.66 -10.08
0.85 -8.78
-5 -4.88
13.46 -5.79
-4.87 0.97
-1.36 -3.97
17.36 0.32
14.24 -0.85
-6.56 0.45
1.24 -8.52
-1.1 -9.17
12.81 -1.76
-0.45 -2.8
2.41 -10.6
-0.45 -7.22
-0.84 -3.06
3.97 -9.04
-7.86 1.36
-3.05 -4.62
1.76 -9.3
-4.35 0.71
-1.36 -3.45
-2.27 -7.87
-5 -5.4
-2.92 0.45
1.89 -6.18
3.71 -6.7
4.88 -7.48
-3.57 -5.01
6.7 -9.69
-2.79 1.88
-2.27 -3.58
-0.45 -7.09
15.28 -0.33
15.41 -2.28
-1.49 -1.5
-5.91 -4.62
-3.83 -0.72
-2.92 -1.24
-7.08 -1.63
13.46 -6.96
14.24 -2.67
5.27 -5.4
-1.1 -2.28
14.89 1.49
7.61 -5.79
12.55 -7.74
2.02 -5.66
11.51 -7.61
-6.95 0.84
4.62 -9.69
16.45 -2.15
16.06 -2.93
-3.44 -0.07
13.33 -5.4
15.02 -1.37
10.86 -3.84
1.37 -5.14
10.73 -3.97
-3.44 -6.83
11.77 -2.8
-1.62 -7.22
0.33 -3.84
-0.06 -2.93
-4.61 -5.66
-3.05 -0.33
6.96 -9.17
11.12 -6.44
-3.96 1.88
4.88 -10.6
-4.35 -6.96
3.19 -9.3
-5 1.75
11.38 -1.5
-6.82 0.84
-0.58 -6.83
8.13 -5.4
15.93 -1.24
14.5 -4.36
-6.3 -1.24
11.77 -0.72
5.53 -6.57
9.56 -5.01
8.13 -7.74
5.79 -8.91
9.82 -7.22
-6.43 -0.2
-2.66 -1.76
-0.06 -9.17
-7.73 0.71
17.1 0.58
17.62 1.62
-2.27 -7.09
12.03 -7.48
10.99 -4.49
-4.35 -1.76
-6.82 -0.46
-2.53 1.62
0.46 -8.65
5.4 -9.43
-5.39 -1.24
5.53 -9.17
3.58 -6.18
6.18 -7.09
-4.74 0.58
-2.4 0.58
14.89 -5.79
3.45 -6.96
4.62 -10.86
2.67 -6.31
8.26 -7.09
11.25 -9.04
17.75 1.62
-1.75 -3.71
12.55 -1.24
12.29 -3.84
-4.35 -6.57
13.33 -4.1
11.12 -3.58
17.1 1.62
-5.26 -2.93
-1.62 -7.87
15.02 -2.02
-6.04 1.62
16.71 -0.72
17.1 -0.07
16.97 1.1
12.42 -3.71
15.28 -4.36
-3.57 -6.05
-4.48 -0.59
-3.7 -3.32
-2.27 -2.93
7.35 -4.88
-3.57 -7.74
2.67 -9.17
-4.22 0.71
-2.66 -8.39
7.35 -9.3
11.38 -1.24
-1.23 -4.36
17.75 -0.07
13.2 -6.57
15.15 -2.67
-5.39 -4.36
-2.14 -0.07
13.33 -2.41
-6.95 -3.06
6.44 -9.17
-7.34 -1.89
8.52 -10.08
10.6 -6.83
2.67 -10.08
-3.83 0.71
16.19 -4.23
-4.48 -1.11
8.91 -8.39
15.28 -1.5
-1.23 -2.67
15.02 1.62
9.43 -9.43
12.42 -7.09
15.15 0.32
-1.88 -4.49
9.04 -9.82
-6.82 -2.8
-3.18 -2.41
8.26 -5.53
-2.66 -2.41
11.64 -8.65
-6.43 0.71
13.85 1.36
6.7 -9.69
-2.14 -2.8
16.45 0.84
-3.31 -0.07
16.32 -0.2
-3.31 -4.49
5.92 -6.18
13.2 -4.88
3.84 -9.04
-1.1 -5.79
0.85 -9.17
1.76 -9.95
0.72 -7.35
0.59 -3.45
5.01 -6.96
0.46 -8.26
-0.32 -5.66
7.48 -4.62
5.01 -8.26
6.44 -9.04
2.8 -9.69
-0.19 -6.83
1.63 -9.17
17.75 -0.2
12.68 0.19
3.06 -8.65
14.76 -2.02
0.98 -4.62
16.19 -0.33
8 -8
5.01 -5.4
-0.71 -9.04
-3.05 -1.37
0.85 -9.3
-2.27 -8
11.64 -2.8
-0.19 -7.48
1.63 -8.13
16.45 -1.76
-6.04 1.49
0.59 -8.26
-4.74 -2.93
-2.27 -7.61
14.76 -5.4
12.42 0.97
17.23 -0.85
14.5 -3.84
1.63 -10.34
0.72 -4.49
13.46 -2.8
5.66 -10.08
1.37 -4.62
14.5 -1.89
11.25 -8.78
9.17 -8.13
5.66 -6.83
14.76 -5.92
-3.96 -4.49
-2.66 -0.33
14.63 -2.41
3.58 -8.13
12.68 -5.53
8.78 -8.78
11.9 -2.54
9.3 -6.44
12.68 -4.88
6.05 -6.31
-3.83 -5.27
13.98 -7.35
10.73 -4.49
14.11 -0.98
8.91 -5.4
-5.13 -4.62
15.67 -0.72
2.93 -6.83
5.01 -7.48
-4.35 -1.11
6.96 -8.78
-5.65 -4.62
-1.75 -0.98
0.85 -6.7
-3.18 -3.71
13.59 -6.57
9.43 -9.69
11.25 -8.13
-3.96 -2.28
-1.1 -7.09
0.46 -4.49
-4.22 -1.24
14.89 -2.02
2.93 -8.13
4.23 -5.4
1.5 -5.92
-3.05 -4.49
2.02 -5.53
14.76 1.88
1.5 -8.91
-0.45 -4.62
-3.05 -3.45
-2.27 -8
-6.69 -2.8
-6.17 1.1
6.7 -6.05
9.82 -4.1
13.33 -3.19
-5.26 -3.97
16.58 -1.11
13.98 -0.98
-0.32 -6.44
7.48 -6.57
-3.96 -6.31
-7.08 0.06
2.8 -7.35
11.9 -8.78
13.46 -1.24
1.5 -10.21
6.7 -5.53
-5.13 -1.63
11.64 -1.5
-4.87 -3.71
-0.84 -7.35
14.5 -3.84
-1.88 -3.97
4.23 -8.39
12.03 -6.05
2.15 -10.21
0.59 -6.57
-4.22 -2.54
-2.4 -8.13
11.51 -8
13.98 -5.79
0.46 -9.82
13.72 -0.33
10.86 -4.36
9.17 -5.27
5.27 -6.96
-4.09 -0.98
3.19 -8
5.92 -10.47
0.98 -5.79
15.93 -0.98
-2.79 -1.76
2.02 -6.57
-6.17 1.88
16.32 -4.36
9.17 -6.96
16.45 0.58
-5.91 -2.8
13.72 -4.49
4.49 -9.69
-3.05 -0.07
15.93 1.36
1.76 -5.27
4.88 -5.53
2.41 -7.48
12.68 -7.22
-4.09 0.19
8.13 -7.61
16.97 -1.89
11.77 -0.33
14.37 -1.11
-0.19 -4.88
12.81 -1.76
1.5 -8.78
4.75 -8.13
14.76 -4.49
-6.3 -3.32
4.62 -6.05
-2.14 -1.89
10.08 -6.7
3.84 -9.56
3.32 -10.21
-7.73 1.88
-3.05 -8
-3.18 -1.11
6.18 -10.47
12.29 1.36
-3.18 -6.18
6.7 -6.83
11.38 -6.31
14.76 -4.75
14.24 1.75
1.63 -6.05
-4.35 -6.44
-2.01 -7.09
-4.09 -2.8
-6.17 -2.67
-5.26 -2.8
12.94 -4.36
16.45 0.19
3.45 -5.53
-7.21 0.19
11.38 -3.58
12.16 -1.5
13.85 -4.49
3.45 -10.34
-4.09 -3.71
12.29 -0.59
16.84 -3.32
0.33 -6.96
15.28 -0.72
-1.49 -5.27
-5.65 -2.54
3.06 -6.57
10.99 -6.57
12.94 -2.28
13.72 -0.46
13.07 -6.44
2.02 -6.31
-2.53 -5.14
-2.53 -0.72
3.06 -7.22
-3.57 -4.88
-3.31 1.23
-1.62 -5.66
12.42 -3.32
7.22 -7.09
11.64 -6.18
0.07 -3.58
13.07 -1.76
3.58 -6.96
10.47 -8.13
12.42 -7.74
-1.75 -0.98
-0.06 -3.58
11.64 -8.13
12.16 -5.92
1.24 -9.43
9.56 -7.22
12.29 -5.92
5.01 -10.47
-0.06 -8.52
9.56 -6.18
4.23 -7.48
3.32 -9.17
4.23 -5.4
-3.05 -0.59
-0.32 -3.97
11.25 -7.61
13.85 1.1
2.15 -9.17
12.81 0.32
9.82 -7.48
-1.1 -8
-3.05 -5.66
-6.17 -2.67
5.53 -7.35
11.51 -4.49
17.49 1.23
3.45 -6.05
-2.01 -0.98
-0.84 -3.19
11.9 -1.24
-3.83 1.49
3.06 -6.44
-1.1 -6.57
11.38 -7.87
1.5 -4.62
-4.87 1.88
13.2 0.45
10.86 -9.56
-5.91 -0.72
-5.39 0.32
-2.92 -6.96
-1.75 -7.87
16.97 -1.89
6.18 -7.22
10.47 -7.48
-4.61 -3.19
-3.44 -3.97
-2.79 -7.48
12.68 -6.7
9.56 -5.4
2.93 -5.27
13.85 -1.11
12.94 -4.75
-6.43 -2.02
8.13 -9.3
12.29 -3.32
7.61 -4.62
13.07 -1.11
-5 0.58
0.46 -3.71
12.03 -5.14
12.55 -1.24
-3.44 -1.11
-2.14 -8.65
-3.31 -0.46
9.3 -8.13
-1.36 -3.84
7.48 -5.79
3.58 -6.05
10.73 -3.97
2.93 -8.91
-4.48 -1.11
-1.88 -2.41
-0.58 -3.32
12.42 -0.33
13.59 -2.15
-1.23 -5.27
-4.09 -3.84
-7.47 0.97
-1.75 -3.97
12.16 -4.36
14.11 -1.37
11.38 -5.01
16.58 -0.85
8.91 -5.14
1.24 -9.04
-7.21 1.62
16.19 -2.02
-1.1 -5.27
13.46 -7.09
-0.32 -9.04
14.5 1.49
-4.61 -4.1
9.82 -9.43
10.21 -5.92
-6.82 -2.41
7.48 -6.7
14.63 -0.07
-6.95 1.23
10.34 -6.44
2.93 -8.26
1.24 -8.26
-4.22 -0.85
9.82 -6.05
3.58 -8.91
15.67 -0.85
-6.82 1.1
12.03 0.84
1.37 -10.21
13.72 -4.75
-4.61 -2.67
-2.14 -6.44
8 -7.48
11.51 -7.35
8.52 -8.13
-5.91 -3.32
-2.66 -0.59
17.49 -0.98
12.29 -2.28
-1.75 -5.14
-4.87 0.58
2.02 -8.39
6.96 -8.13
6.44 -7.35
12.55 -8.26
10.34 -7.61
-6.82 0.97
0.33 -5.92
13.46 0.97
10.99 -1.89
-6.82 -3.32
10.34 -8.26
17.49 -0.07
16.84 -1.5
5.27 -8.39
0.2 -9.69
14.11 -0.98
14.76 -6.31
16.84 0.58
-0.06 -8.13
8.52 -6.96
-1.36 -7.48
9.82 -6.05
10.99 -3.58
4.23 -10.21
4.23 -7.61
-6.3 0.84
-5.78 -3.45
17.62 0.45
-0.58 -7.22
-6.69 0.45
1.5 -5.4
13.33 -3.32
16.84 0.32
-2.4 0.84
11.25 -4.75
6.7 -5.53
0.98 -7.09
-2.79 -3.19
12.68 -5.14
16.06 1.1
-1.23 -8.26
-4.35 -1.63
-4.22 -4.49
10.6 -2.93
10.08 -5.14
10.34 -5.53
7.74 -8.13
-3.18 -4.62
2.67 -5.27
-3.44 -2.93
0.98 -8.91
4.88 -8.91
5.92 -5.92
-0.06 -7.35
15.67 1.36
12.42 1.23
-5.78 0.06
10.6 -7.48
13.46 1.23
9.82 -3.58
-6.43 -3.32
16.06 -1.63
-4.22 -3.97
3.71 -8.91
13.33 0.71
8.78 -7.22
0.72 -10.08
-3.05 1.1
-6.04 -4.1
8 -10.21
8.52 -7.09
-3.44 -3.84
12.94 -7.74
-3.44 -5.4
-5.52 -1.24
17.23 1.23
-5.78 -1.11
15.15 -3.97
12.81 -1.11
-0.19 -5.53
6.44 -7.48
-4.09 -7.09
-7.47 -0.98
