5.02 0.96
7.1 3.56
3.2 2.39
4.37 3.69
5.67 2.91
-9.02 7.72
-15.26 1.48
5.93 3.82
-3.04 8.11
-16.3 2.39
-6.16 9.41
-9.93 8.11
-12.01 2.78
5.67 4.86
-13.57 7.33
-12.4 5.51
-8.11 9.15
-8.11 7.85
-11.23 6.29
-12.79 2.78
-13.96 1.22
-5.38 8.24
-8.89 7.85
0.21 5.38
7.49 2
-2.26 6.16
-12.66 5.51
7.1 -0.99
-13.57 7.33
-14.48 7.46
-10.32 3.69
-13.83 5.64
-12.4 7.2
-16.3 3.95
3.98 1.22
-2.78 11.49
-8.89 9.8
4.37 2.26
7.62 -0.08
0.99 7.85
5.28 5.51
4.5 3.04
-10.19 7.2
-5.12 11.49
2.68 8.5
4.89 4.47
-12.14 6.29
1.25 8.37
0.47 10.32
-17.21 -0.86
-3.3 8.37
-1.48 5.51
-6.03 8.37
-5.25 10.71
-1.87 10.71
-15.52 3.69
-0.83 6.16
-8.5 8.89
-10.19 4.47
2.94 6.03
-17.73 -0.21
-1.35 10.58
-6.29 6.03
3.72 4.99
3.85 2.78
2.42 2.78
-16.17 1.74
-11.49 5.25
2.29 -0.73
-11.88 3.95
2.68 5.64
-16.04 2.52
-11.62 7.33
0.6 3.56
5.02 -0.99
-13.05 8.24
-6.03 11.36
0.6 4.73
0.34 7.98
2.81 1.22
-15 6.94
-3.43 10.19
-1.61 11.23
-2.91 5.77
5.15 2.78
-11.88 8.11
-0.05 7.59
-15.78 1.35
0.86 9.8
2.42 0.83
-5.9 6.55
3.98 7.2
-7.33 10.71
-6.03 10.84
-2.26 6.42
1.12 5.64
-0.18 4.21
-13.96 4.08
-0.05 9.41
-10.58 4.73
-1.48 5.51
-13.31 6.81
-15.65 -0.34
-12.27 0.44
-6.16 8.76
7.1 1.35
-5.9 8.63
-1.61 11.1
-16.17 0.7
3.07 8.76
1.9 4.6
4.5 2.65
-9.54 6.81
-13.31 6.16
4.11 1.35
-16.56 4.47
5.28 1.74
-8.89 9.93
-9.8 5.12
4.5 0.83
-11.88 2.13
2.03 3.56
3.46 5.12
-11.1 3.3
-4.08 6.68
7.62 1.61
-11.23 8.24
-0.05 10.58
-11.49 9.28
1.51 3.04
-5.77 9.54
-17.47 1.87
-0.57 9.54
-7.2 8.89
2.03 9.02
-3.82 10.32
-0.83 9.67
-0.31 6.81
-3.69 6.16
-16.95 1.87
5.8 5.51
-14.48 2.39
-11.36 5.38
-6.29 8.89
-10.58 7.59
-12.66 3.56
2.03 2.65
-3.95 11.1
-7.85 11.62
-16.43 2.52
-12.92 3.43
-15.26 6.68
2.03 6.94
3.07 8.37
2.03 8.5
-16.04 -0.21
-11.36 7.33
-6.16 8.37
-13.18 3.82
6.71 4.34
4.11 5.77
-13.83 6.03
-16.43 3.95
4.11 6.29
-12.27 6.81
3.98 3.56
1.38 6.16
-9.15 6.29
2.81 3.3
4.24 6.55
-12.14 9.54
-4.99 6.03
-8.24 7.33
1.64 8.89
-0.7 4.6
-4.47 6.29
3.72 0.57
6.97 2.78
4.5 6.42
0.34 5.9
-14.22 6.68
-5.25 6.81
-12.66 -0.73
-1.61 9.8
6.58 4.21
-0.05 6.42
5.41 4.6
3.98 0.31
-0.7 10.32
-15.65 5.9
-13.18 7.07
-12.4 9.28
2.94 2.65
-7.33 10.32
-13.31 -0.21
-7.59 7.59
-3.82 7.46
-9.02 4.86
3.98 6.68
-11.23 8.24
0.6 8.37
-1.48 7.59
-5.12 8.11
2.55 2.26
2.29 5.77
-12.01 4.08
-14.74 4.47
-15.91 4.08
4.63 4.73
-7.72 10.71
-5.64 11.75
-0.18 8.11
4.89 4.21
0.08 7.2
3.33 2
-11.36 5.38
1.64 2.91
-7.72 10.84
2.94 1.48
0.6 9.54
-2 7.85
-15.65 5.77
-4.34 9.28
-8.63 9.15
-11.1 7.59
-3.43 6.68
-13.44 5.64
-11.62 6.03
-1.74 9.93
-3.04 6.81
-16.95 2.78
-14.22 7.98
3.59 0.96
-14.61 -0.99
-9.93 10.19
-14.22 7.2
0.73 4.21
-2.65 7.46
-0.57 4.99
-13.83 3.43
-1.87 9.67
-2.91 6.94
3.07 4.47
-16.56 -0.99
-13.57 3.17
-0.05 5.64
-5.12 9.02
-9.67 7.98
-8.63 10.84
-3.17 8.24
-7.2 7.33
1.38 2.78
-14.22 5.38
0.21 7.85
0.08 7.59
-14.74 3.69
-6.68 9.8
-17.34 2.52
3.98 8.11
-2.39 7.2
1.9 7.2
-15 2.78
-10.84 5.12
-10.97 7.59
-0.57 6.68
-13.05 8.24
-7.07 6.16
2.68 6.55
-2.78 6.55
-10.45 6.29
3.98 2.65
-4.86 7.46
3.98 3.95
2.03 3.3
6.45 1.61
6.71 4.21
-1.74 9.8
2.03 3.95
5.41 0.05
0.86 9.93
-1.74 6.42
-5.51 10.19
-3.43 6.29
4.89 3.82
-1.87 6.03
-12.53 6.55
-12.66 1.74
-3.56 7.98
6.71 -0.73
2.16 5.12
-8.37 9.15
-9.54 9.02
-9.02 6.94
-4.21 11.88
4.11 7.72
-7.98 7.59
-0.57 7.98
1.64 9.41
-11.23 9.67
-13.7 -0.73
2.81 4.99
-14.22 -0.73
-14.35 5.38
-8.11 7.2
-13.05 -0.99
5.54 2.39
-11.49 7.07
-9.67 9.28
3.98 0.44
5.02 -0.34
-10.58 3.69
-8.63 7.46
7.36 0.31
-9.28 8.89
-4.73 6.81
-13.7 6.55
-14.09 6.03
-3.3 7.72
-14.22 3.56
-12.4 0.57
3.98 3.69
-11.36 2.13
-7.33 6.16
-6.29 7.85
-5.9 6.16
1.38 6.81
-4.86 7.33
4.37 6.16
-16.56 3.3
-10.32 3.69
-8.76 6.16
-1.22 4.99
-4.08 6.55
-11.1 9.28
-14.61 -0.73
5.54 6.29
-6.68 10.45
1.64 9.8
-15 4.86
6.19 4.34
-11.75 6.55
-6.94 10.58
-12.53 -0.99
1.51 1.61
1.51 5.38
-10.71 3.82
-10.45 6.03
-9.67 6.03
-15.91 1.35
3.2 -0.21
7.88 -0.34
4.11 -0.86
5.02 0.44
-12.4 2.39
-13.83 -0.08
-5.51 6.94
-15.78 0.83
-15 3.04
4.11 3.95
-12.66 -0.73
-11.49 4.47
-7.07 6.68
3.07 4.73
-6.81 8.24
0.99 4.08
-15.52 2.26
-7.59 11.36
-13.83 3.04
7.1 0.18
4.11 2.65
-11.49 6.16
-10.32 5.51
-4.21 7.85
2.03 0.05
-4.6 10.32
-1.61 10.19
3.72 6.55
-11.36 8.37
-12.27 -0.21
5.41 1.87
-5.25 10.19
-1.35 8.89
-3.82 10.32
-0.05 6.55
-9.15 9.54
-2.39 8.63
2.03 3.56
-10.58 6.81
-13.44 -0.08
0.99 7.33
-4.99 7.85
1.38 3.82
-15.26 6.68
-4.6 10.32
-12.4 8.76
5.02 0.31
-9.93 10.19
-14.87 1.22
6.19 0.18
-10.58 3.56
-15.78 1.09
-17.6 -0.21
-13.57 4.08
-0.57 5.77
0.73 10.32
-1.61 5.25
-10.97 4.08
-12.14 0.44
-17.73 0.57
-13.83 5.77
-12.79 6.42
-16.69 0.44
1.25 3.82
-3.3 6.03
2.03 2.39
-10.97 4.08
-7.85 7.33
5.02 -0.73
-14.48 -0.47
2.03 9.41
4.76 4.99
-6.29 6.81
7.23 -0.99
-15 4.47
1.64 6.81
2.68 -0.73
3.72 3.43
2.42 8.5
-13.83 2.52
-14.09 7.72
2.42 6.68
-5.9 10.97
5.15 -0.73
2.81 5.12
-13.96 4.73
-5.25 7.85
-7.72 9.41
-6.68 10.19
-9.41 6.68
2.16 7.07
4.24 1.22
-8.11 10.32
-15.78 3.43
-5.25 10.97
5.67 5.9
-10.97 6.16
6.19 3.95
-10.19 4.73
-13.18 4.73
-4.08 7.46
5.8 2
-0.31 6.42
2.55 2.39
-10.58 10.71
-12.79 7.85
0.34 8.76
-12.27 6.55
1.77 3.3
-10.32 8.11
-1.48 5.51
-7.72 7.2
2.94 0.57
-2.78 7.98
-7.2 7.07
-1.35 10.32
-5.64 11.49
-11.49 6.03
3.59 2.78
-10.71 3.95
-17.34 1.22
4.5 6.29
-1.09 8.89
-5.38 7.46
-8.63 8.37
4.11 5.64
-2 9.93
-10.32 10.84
-15.39 -0.86
-12.14 4.6
7.1 1.87
-17.47 -0.08
-6.42 11.1
-9.28 5.51
-2.91 6.03
-15 3.95
-4.34 10.58
-6.29 7.98
-10.32 10.84
1.77 1.09
-0.83 10.19
-0.05 9.02
-8.5 7.07
-12.14 -0.47
-8.11 10.84
-15.13 6.16
-3.95 6.81
1.64 2.39
0.99 8.11
3.59 3.95
-7.46 6.55
-14.87 4.99
3.59 5.38
4.37 2.26
-2.65 8.89
-14.61 -0.86
-2 11.23
-14.87 3.17
-15.65 -0.99
-15.13 4.6
5.8 5.51
6.32 -0.47
1.64 5.12
-4.73 7.59
-11.49 6.55
-14.22 7.98
-3.43 8.89
3.2 3.69
3.85 4.34
1.64 5.12
0.34 8.37
0.08 7.07
-8.76 5.77
6.84 2.13
-0.31 7.46
-9.93 5.77
-6.42 11.49
2.55 7.72
6.19 3.82
-8.37 9.02
-9.41 9.41
-1.09 5.9
-9.67 10.71
-12.53 0.31
-14.48 1.61
-8.37 10.45
1.77 3.17
-1.74 8.89
-9.8 8.11
-13.57 4.34
-15.26 -0.6
-15.91 5.9
-2 7.07
3.33 3.95
1.25 7.46
-4.08 9.67
6.71 2.65
-6.94 11.36
-4.34 11.49
2.81 6.94
-6.81 6.29
-4.86 11.75
0.86 8.63
-0.44 5.38
-2.65 10.84
4.63 1.09
1.38 5.9
5.28 6.29
-8.11 8.89
-15.65 4.47
4.63 7.72
-11.88 5.9
-12.01 7.33
5.28 2.52
-9.67 7.33
-2.26 9.93
1.77 6.42
-1.74 10.45
-12.01 9.8
-3.43 8.11
-11.62 3.17
-8.76 6.03
-8.24 10.32
-10.45 8.11
1.9 8.24
-12.14 9.54
-2.52 10.97
-0.18 4.6
-14.74 4.34
-0.83 7.72
-12.27 0.96
6.71 0.83
-16.82 2.91
-10.97 8.24
4.76 1.22
3.2 6.55
-14.87 -0.08
6.58 0.05
-14.09 6.42
3.59 5.9
-7.2 8.37
-2.65 6.16
-3.95 10.58
-8.63 5.38
1.12 2.52
6.45 1.22
-0.18 8.63
6.32 4.34
2.68 3.69
-4.6 9.02
4.5 7.85
5.28 6.94
-14.35 6.81
-12.14 0.44
-11.62 6.42
-4.08 8.76
-14.87 6.03
-4.47 9.28
3.2 6.29
2.81 8.76
3.33 0.83
-11.49 5.9
-5.25 9.41
2.68 9.15
2.55 2.65
0.99 5.38
2.68 3.17
0.99 3.69
-10.45 9.8
-14.48 3.17
-15.39 3.82
-12.53 4.99
3.98 0.96
-8.63 5.25
0.21 7.46
-16.17 3.04
6.97 0.96
-0.7 10.19
5.28 6.42
-4.47 9.67
3.85 5.77
0.73 5.38
-17.73 -0.47
3.59 7.33
-13.18 6.29
-0.57 5.77
5.8 1.22
-0.7 7.85
-12.01 9.15
-15.78 6.16
-5.9 11.88
2.16 1.48
2.55 5.9
-9.28 4.86
-6.16 7.72
-16.82 0.18
-15 6.55
-15.91 1.35
-10.06 4.34
5.41 3.82
-8.5 8.89
0.86 7.46
-1.87 7.98
-13.7 5.12
-0.31 8.76
-6.94 6.55
-11.88 2.78
6.97 2
0.08 5.64
-3.56 11.62
2.68 5.9
-4.34 10.58
1.9 1.09
-2 8.76
4.37 -0.34
-4.99 9.67
-15.91 3.43
-5.64 6.94
-6.81 9.02
2.29 3.82
6.06 2.13
5.54 5.38
-6.68 10.71
-6.16 10.84
-1.74 10.45
6.58 -0.99
-15.52 1.61
-3.69 10.58
-14.22 0.83
-1.35 9.54
-15.52 3.69
-2.52 7.59
6.32 3.17
-4.86 7.46
-10.84 2.91
6.84 2.39
-17.34 2
-17.99 -0.86
-12.79 7.85
-17.6 -0.6
-10.84 4.86
-12.4 5.9
-13.44 6.55
1.9 5.51
-7.2 7.33
2.16 6.55
-5.51 10.71
-15 6.68
5.93 4.86
3.59 8.63
6.32 4.47
-0.83 7.85
-12.66 7.2
4.11 5.38
-7.46 11.1
-14.61 6.16
1.12 7.33
-17.34 1.22
-9.28 5.25
-14.61 1.22
-14.61 -0.47
6.97 2.91
-11.62 3.04
-6.55 6.42
4.5 4.86
6.19 3.04
-10.84 2.91
3.2 6.68
6.71 -0.34
-2.91 9.93
4.11 6.42
-16.43 0.05
-12.92 -0.86
-12.27 2.13
1.64 6.68
2.68 3.17
-17.73 0.18
-11.23 10.06
4.24 4.86
-6.29 7.72
-6.81 11.23
1.12 5.9
-3.04 8.11
-14.61 4.99
-15.78 -0.34
-4.99 7.85
-16.17 4.86
-14.35 7.98
-9.28 7.72
-17.47 1.87
2.03 1.74
2.68 5.64
5.93 0.18
-11.75 7.59
-5.64 11.36
5.41 0.96
-14.87 3.04
-14.87 -0.6
-2 10.58
-0.31 6.81
-6.81 8.89
0.47 9.54
1.12 3.69
-7.72 5.77
-5.77 6.94
-14.48 -0.47
-13.83 4.6
-12.01 9.41
-11.49 6.68
-10.19 6.29
3.33 7.46
2.81 -0.86
1.9 6.68
-13.57 2.52
-12.79 7.72
-2.78 11.23
-7.85 5.64
4.5 3.04
0.99 4.6
4.63 0.57
1.51 8.5
-3.56 7.85
3.33 0.57
-15.91 0.31
3.07 2.65
4.89 2.52
3.2 4.21
2.55 6.68
-7.59 8.5
5.41 3.04
7.1 1.87
-3.95 9.54
7.36 2.65
2.81 5.51
6.32 -0.47
-14.48 7.85
7.1 3.69
-9.02 7.2
3.33 8.5
6.97 2.78
1.64 4.34
-11.75 5.25
-12.14 9.54
-7.2 10.06
5.02 4.6
-14.74 6.68
-7.07 7.2
-13.31 3.3
-17.08 0.31
-3.69 11.49
-14.48 -0.08
2.94 3.17
-7.07 8.76
6.84 2.78
3.72 5.51
6.06 1.35
-13.83 2.65
-11.75 7.2
0.21 7.72
-14.74 0.7
-7.85 8.89
-7.85 5.9
-6.16 10.84
6.19 4.34
-4.6 9.67
-12.27 4.34
-10.97 6.42
-8.89 10.84
-13.83 4.6
-14.74 -0.21
0.08 7.46
4.63 1.74
3.07 7.98
0.08 8.89
-2.52 6.94
1.25 8.76
-12.4 0.96
2.68 5.12
1.51 5.51
-16.82 0.96
-7.72 7.85
-2.65 10.71
-3.43 11.75
4.63 1.22
-17.34 -0.6
-14.35 3.82
1.12 4.21
-10.19 7.72
-12.4 3.69
0.73 6.03
-16.69 4.21
-12.01 4.73
-7.59 10.06
0.47 8.5
-11.1 7.46
5.41 5.12
-12.66 8.37
-14.74 -0.6
-15 6.81
2.16 0.7
3.46 0.7
5.28 5.12
-10.58 7.72
-10.97 4.6
1.51 4.73
0.21 3.69
3.46 5.51
-13.05 3.3
5.54 2.39
-5.77 11.1
-9.67 11.1
3.46 3.04
-0.96 6.81
5.41 3.69
-3.95 10.97
-5.9 10.84
-15.78 -0.34
-10.45 4.99
0.73 8.5
-13.44 2.13
-9.41 8.24
-9.28 11.23
-12.14 5.77
-14.22 -0.6
2.55 7.72
-16.3 4.99
-16.43 0.18
-4.47 6.42
-9.02 5.38
-12.27 3.82
-6.68 9.93
-12.01 -0.47
-11.36 5.51
4.76 2.65
-7.59 10.06
-5.38 10.19
3.07 3.95
-13.83 -0.73
-16.04 2.26
2.81 -0.21
3.07 0.96
-12.14 0.31
-9.41 4.6
-12.01 4.6
-13.57 8.11
-2.65 11.49
-6.94 7.72
7.75 0.7
4.89 3.56
-8.24 5.51
-7.98 10.32
-14.61 6.42
-15.91 0.83
-5.25 6.16
-4.47 10.97
0.99 2.91
1.38 7.07
2.81 -0.6
4.63 3.82
5.8 4.6
-8.5 6.68
5.54 1.09
1.51 2.13
-5.51 6.81
-13.57 7.46
-11.1 3.69
-8.63 7.46
-0.31 7.85
-7.72 8.5
6.45 2.91
-1.22 7.98
-6.29 11.62
-16.95 3.17
2.94 8.63
-3.95 10.19
-10.19 7.46
-12.01 1.87
6.06 5.12
-15.26 3.82
-16.04 0.96
-7.85 6.68
3.85 8.37
7.36 -0.73
3.72 8.37
-2.91 11.1
3.46 6.94
-17.47 2.26
5.8 4.34
-12.4 9.15
-0.57 6.16
2.94 9.15
-7.46 9.41
-10.45 7.07
-14.61 6.68
-4.6 6.81
-17.47 1.87
-3.82 11.23
-12.27 3.82
-14.35 2
2.42 -0.08
4.89 4.47
3.59 3.95
-10.71 9.41
-5.77 6.55
6.97 2.91
-9.8 9.54
-14.35 6.42
-4.34 11.49
-8.63 7.07
2.42 4.86
2.94 6.16
-6.29 9.67
6.32 3.95
0.34 9.02
-13.83 3.69
-10.58 7.33
1.9 3.56
-12.79 4.99
-16.43 4.73
-12.14 4.99
3.2 5.25
-7.33 6.81
-12.01 -0.86
0.86 4.47
-12.01 4.08
-12.4 5.25
4.24 2.65
-12.27 0.57
3.59 3.95
-3.82 6.03
-10.32 3.82
4.76 2.78
-13.7 5.12
-14.61 -0.6
-3.17 7.59
-4.73 11.88
-6.03 8.24
-1.35 10.84
-13.44 7.85
4.37 3.69
5.15 0.57
-13.57 5.25
-13.05 6.55
5.93 -0.73
-12.27 0.44
-2.78 8.11
7.75 -0.73
-14.48 2
-11.36 7.2
-9.8 9.93
-13.05 3.04
4.89 2.52
-3.43 11.1
6.19 -0.86
-0.7 4.86
-6.94 10.32
-6.29 10.19
-4.86 6.29
-3.95 10.19
-7.2 10.32
-15.65 2.65
-7.07 6.55
-3.17 6.81
-1.61 11.49
-14.35 0.57
-2.26 7.98
-13.7 -0.47
5.8 0.05
-15.26 3.17
-3.04 10.58
0.34 5.25
-0.44 9.02
-16.04 1.48
-1.61 10.58
-10.58 8.5
-0.83 8.37
6.06 3.3
2.94 0.83
-7.33 8.11
-8.76 7.59
0.86 2.91
-12.14 9.54
2.68 6.68
0.86 5.64
-5.9 6.94
5.28 1.74
-1.09 7.85
1.77 3.04
-11.49 7.33
-7.85 10.97
-15.91 2.26
-1.22 8.63
-15.39 3.82
5.28 -0.73
-14.48 6.55
-13.83 2.78
-4.08 8.37
0.99 5.25
-16.17 4.47
-3.56 7.85
6.45 2.91
-6.42 9.93
6.84 0.31
-3.04 11.1
0.73 5.51
-3.3 11.88
-15.65 1.09
-0.7 8.63
-13.31 1.87
-6.81 7.2
-6.68 9.67
-0.57 8.63
2.55 5.38
-13.05 2.52
-12.79 7.07
-15.39 2
-15.52 -0.21
-14.87 0.7
-13.44 3.69
-0.96 6.16
-15 3.82
-11.75 4.08
3.72 2
2.55 4.21
-12.27 1.87
-14.48 0.7
7.1 -0.73
-3.56 8.63
-13.05 0.44
-3.3 6.42
0.6 8.24
-16.82 4.08
-6.29 7.33
-15.91 6.03
3.2 -0.99
-2.13 5.64
-10.97 8.24
2.03 -0.21
-3.43 8.5
-14.74 2.65
4.5 -0.86
3.98 7.2
-6.55 6.68
4.63 4.99
-8.76 11.23
-9.15 6.03
5.02 4.34
5.41 4.08
5.8 1.09
-5.77 9.54
-4.34 9.93
-11.49 6.68
-8.63 7.59
-9.15 6.68
-11.23 7.33
-16.43 1.87
-14.09 4.99
-13.7 8.37
-6.29 8.5
0.73 4.73
-17.21 2.78
-12.14 7.85
6.97 1.35
-1.09 6.94
2.55 3.43
-3.3 8.63
-11.1 3.43
-11.62 6.81
-13.05 -0.47
-8.37 5.64
6.84 4.08
7.49 1.09
3.2 3.69
-15 0.44
-8.5 6.03
-10.06 7.72
-17.21 -0.6
-4.21 10.58
-7.72 9.67
6.32 0.05
-16.56 2.78
4.63 1.48
3.72 7.72
1.77 8.37
-14.48 4.21
-7.07 5.9
-10.19 8.37
-2 9.28
-6.94 6.03
-11.62 1.35
1.51 5.51
0.99 7.2
-11.36 7.72
3.07 4.08
-15.78 4.21
-13.83 0.31
-9.54 4.99
4.63 1.48
-14.48 -0.47
-15.65 0.57
-6.03 7.98
-1.61 9.41
0.47 3.95
-9.93 7.72
-7.59 6.42
-15 3.69
3.46 -0.47
-6.94 10.06
6.19 -0.08
-3.17 10.19
-6.16 8.24
-3.95 11.75
-15.78 1.74
-12.92 7.46
-8.24 7.59
2.94 0.96
0.6 7.2
1.9 3.43
1.51 2.13
-14.61 4.34
-3.69 10.32
-12.66 0.44
-0.7 8.24
-8.24 9.93
-15.78 -0.86
-5.77 11.62
-10.58 7.72
-15.13 3.56
-13.7 5.64
-10.84 3.3
0.99 8.89
-1.09 8.89
-13.96 7.2
-2 10.06
-14.35 6.81
-15.39 5.12
5.54 2.13
-13.05 2.13
7.1 1.48
-6.94 8.5
-7.2 7.72
-15.26 -0.99
-12.79 7.98
-9.67 8.5
-5.38 10.58
-0.18 10.84
-16.95 0.18
3.2 8.76
-7.46 11.75
-2.39 6.42
3.46 7.85
3.59 5.9
-11.88 8.63
-3.43 7.46
0.6 6.68
-11.75 3.17
0.34 7.72
-0.18 8.11
5.93 0.31
-9.67 7.85
-15.78 0.05
-8.63 9.02
-14.22 2.65
-0.31 9.02
-4.73 6.42
1.38 5.51
-10.71 5.9
-10.84 6.94
-12.27 3.04
2.16 1.87
-13.31 -0.21
0.99 6.42
-9.54 9.67
3.72 0.31
-16.04 0.96
1.38 8.37
5.41 5.12
2.03 0.31
5.15 -0.34
-6.94 11.1
-13.05 8.5
-11.36 3.3
0.47 9.8
-6.55 10.32
-12.27 6.03
-7.98 6.94
-14.74 4.08
-9.28 11.23
-10.97 6.29
5.8 0.05
-13.18 4.6
-6.81 8.11
0.73 4.08
-11.75 5.77
5.93 1.61
-13.7 4.21
2.94 4.08
2.03 9.41
-11.1 6.16
-4.08 11.36
-2.52 8.24
-11.23 2.65
-8.5 8.24
-6.68 9.41
-15.39 0.18
-12.14 9.8
-13.96 5.9
2.55 5.51
-16.69 0.05
-11.75 8.37
-16.04 -0.99
-9.67 6.16
1.51 3.69
6.19 3.3
-0.96 7.33
-7.59 6.81
-17.47 -0.34
-3.43 6.16
-1.48 9.02
-2 10.32
7.49 0.05
-2.39 10.97
2.94 -0.73
-12.92 7.07
-16.43 0.05
-1.09 10.06
7.62 0.7
-16.82 0.44
-8.5 8.63
-13.31 3.95
-5.38 8.24
-13.44 1.87
-5.38 11.62
4.24 3.17
3.33 4.73
3.07 2.13
-9.02 10.58
3.33 0.05
-3.04 9.93
-7.33 9.8
-10.45 6.42
2.68 6.16
-16.56 3.43
-2.78 9.41
3.33 -0.08
4.89 3.82
6.84 1.74
2.16 4.99
-14.22 3.56
-1.74 11.1
-11.88 7.72
-1.48 10.71
-8.24 9.41
-17.73 0.44
-2.13 5.64
0.21 4.86
-2.91 7.85
-3.95 11.88
-15.91 1.61
6.58 4.47
2.03 9.54
3.46 4.21
-7.85 7.07
-8.89 9.28
-15.13 6.29
-10.19 4.99
-1.22 7.59
2.94 7.98
-14.74 2.13
6.84 -0.86
0.99 5.77
-8.76 6.03
-10.32 10.45
-16.56 3.95
-0.44 9.93
-2.65 6.94
2.03 4.34
-11.62 5.64
-5.38 9.02
-11.23 6.94
5.41 1.22
-17.73 0.18
5.41 -0.47
-14.22 -0.99
-2.78 6.03
-3.04 6.03
-2.26 7.59
-2.39 9.67
-11.23 9.41
-7.59 9.93
-4.86 11.62
-0.83 10.32
-1.35 6.81
-2 10.19
-16.43 0.83
2.94 6.68
-11.88 8.24
-4.47 10.97
-15.78 0.57
-13.05 3.95
-11.23 4.34
-5.38 7.72
-8.24 5.9
-13.18 3.3
-14.87 -0.6
-6.03 8.76
5.28 -0.47
-1.35 5.51
-1.35 9.02
-11.23 7.85
3.98 2
5.02 6.16
-16.95 2.13
-14.87 6.16
-8.76 5.77
-1.09 5.38
4.11 6.68
-5.77 9.54
-8.5 7.33
-6.42 10.19
-13.83 3.95
1.51 2.52
-16.69 1.74
3.33 3.95
-2.52 9.28
4.76 1.09
2.03 0.31
-1.74 10.97
-14.48 7.85
-4.08 6.03
-6.81 7.33
4.24 3.95
4.89 5.51
4.37 2.65
-14.35 5.9
-8.76 7.72
-4.86 8.63
-7.98 6.29
-12.14 2
2.42 -0.73
-16.3 -0.73
-15.91 4.6
-17.21 0.44
-1.48 11.1
-11.88 3.04
-10.45 8.24
-6.55 10.97
-11.1 8.89
-13.57 1.35
3.59 6.55
-4.6 8.63
-1.09 5.51
-2.91 9.8
-15.65 -0.34
3.07 -0.6
-12.01 -0.73
2.29 5.77
-6.16 7.46
-8.76 9.41
-1.22 5.51
-1.35 10.84
-16.56 -0.47
-7.46 10.06
-10.19 10.58
-12.4 3.43
-4.86 8.76
1.51 9.54
-2.65 7.07
1.38 7.98
-16.69 1.22
-9.8 9.93
-13.96 7.59
3.46 5.51
-1.87 8.76
1.38 2.13
-6.55 10.97
-6.94 7.07
-13.96 2.39
3.2 7.72
-6.42 10.84
-0.96 5.38
3.2 0.7
-1.61 7.72
4.11 0.18
-7.46 6.29
-9.15 7.85
-16.17 0.83
3.85 5.9
7.62 0.44
-4.99 6.94
-11.36 4.34
-17.6 -0.6
-2.52 6.42
5.41 2.65
-12.66 4.34
4.89 3.3
6.45 -0.6
4.11 5.77
0.34 10.06
2.16 6.03
-4.47 11.75
-12.01 4.08
-0.44 5.9
-4.6 11.88
-14.35 2.39
6.58 3.82
-0.83 9.93
-3.95 11.62
-14.74 4.21
-16.43 4.73
3.46 6.55
-0.83 9.54
3.2 4.34
-2.13 9.93
-2.52 6.81
-16.95 2.65
5.8 1.09
-8.76 10.45
-5.77 8.5
5.8 5.25
3.59 6.29
-13.7 7.2
-12.4 4.86
3.59 0.05
-10.06 8.63
-11.88 6.94
-1.48 5.51
-10.06 7.46
0.73 8.76
4.89 3.95
-9.28 7.2
-3.3 11.36
0.73 5.38
-10.71 6.42
-12.92 8.63
-15.52 3.95
4.24 7.2
4.89 0.96
4.89 6.81
6.58 -0.99
-16.04 0.57
3.72 6.29
-5.25 9.93
4.5 4.86
0.34 7.33
-8.11 8.76
-13.83 1.48
2.68 1.48
-11.49 9.8
-0.18 6.55
-11.36 6.55
-8.5 7.33
1.9 2
-7.98 9.28
3.46 2.13
-10.84 9.02
-12.92 6.94
-0.7 10.19
3.46 3.17
-5.51 9.15
-15.39 4.21
-6.55 6.94
-13.96 2.13
-13.18 6.94
0.6 9.54
-16.95 3.3
-15.13 2.91
-15 1.35
-14.48 5.25
1.51 4.08
5.41 3.04
0.34 10.45
-4.6 9.15
-1.74 9.54
-3.43 11.75
-12.66 -0.34
-13.57 2
1.9 9.41
-13.31 1.87
7.62 1.22
2.42 -0.73
-12.01 0.57
1.38 4.47
0.6 3.43
-10.58 7.72
-11.36 8.89
-12.01 4.08
-14.35 4.34
-14.35 -0.99
6.06 2.91
-12.14 -0.86
-7.46 9.02
6.06 4.99
-1.48 8.24
-14.74 -0.73
0.86 8.37
-6.29 9.28
-0.57 9.15
3.98 3.69
1.51 2.78
-10.45 5.64
-4.86 10.71
-2.26 8.24
1.38 6.03
-12.79 3.82
-3.17 10.71
-15.13 -0.34
4.11 5.25
-4.34 9.41
-11.23 6.55
-16.69 4.08
-9.8 6.81
-8.5 5.51
-0.31 9.15
3.85 4.73
6.97 -0.73
-0.7 5.77
4.5 1.48
-14.48 3.56
-6.94 11.36
-9.41 9.93
-10.58 9.28
5.41 -0.73
-4.99 11.75
-6.81 6.55
-12.01 2.13
5.02 4.99
0.08 5.51
5.02 5.38
-11.23 2.78
2.55 7.2
-13.96 8.11
-13.7 4.34
-12.92 5.9
-2.52 7.85
2.42 -0.86
-14.87 7.46
-14.87 0.83
5.28 0.7
6.71 1.22
-6.29 7.72
3.98 1.09
-7.98 5.51
-13.05 4.73
-16.69 2
-11.62 5.9
0.21 10.32
-1.48 6.81
4.63 7.33
2.03 4.47
2.03 2
-16.82 2.13
-7.07 10.71
2.16 6.03
4.89 2.39
6.32 3.04
-11.36 5.64
3.85 0.44
-13.83 4.73
-13.05 8.37
-8.24 7.07
-5.12 9.54
-16.95 2.65
6.32 2.13
-10.97 9.02
5.93 -0.73
4.89 4.47
-3.17 11.36
-11.23 4.34
2.94 9.02
2.16 4.34
-15.52 2.52
-12.79 4.73
3.33 0.7
-4.34 11.75
4.24 6.94
-9.93 7.59
-4.86 7.59
-5.64 6.42
-11.49 8.24
-5.12 10.97
-8.5 7.07
2.42 2.52
-4.47 6.16
-0.57 6.03
-0.7 7.2
-17.6 1.74
-13.31 2.13
0.99 5.38
3.85 1.74
-9.15 9.54
-1.09 7.59
5.67 5.25
-12.27 9.54
-3.17 9.67
2.29 0.31
-4.47 10.58
-11.88 1.22
-11.49 3.82
-10.06 7.46
0.86 9.54
-4.47 11.49
-7.98 8.89
2.94 2.78
-1.74 7.2
-0.44 7.72
3.98 -0.47
6.58 1.87
-10.06 8.24
1.77 9.54
-1.48 6.42
-3.56 6.29
6.19 -0.34
-9.67 4.99
-13.96 0.57
-15 1.61
-13.83 6.16
-12.01 3.82
-14.87 5.77
-5.77 6.68
-3.95 7.07
0.73 3.82
1.38 4.73
2.16 2
6.71 -0.6
7.1 2.78
-1.61 6.68
-4.47 6.16
-15.13 6.81
-10.58 8.63
0.86 10.19
2.03 9.93
-8.24 9.15
2.81 -0.47
-8.63 7.2
-7.33 7.85
-13.31 2.52
-9.02 6.03
-2.91 6.16
-9.28 6.55
-2 6.29
-12.01 8.37
-12.92 0.18
-17.47 1.22
-7.98 7.59
1.25 6.42
-12.4 9.41
-1.74 6.81
-3.82 7.72
5.02 3.43
-6.68 6.42
-5.38 8.63
2.03 1.48
5.67 3.04
2.68 4.99
-11.23 8.11
-10.06 4.08
-1.35 6.55
-9.67 10.58
7.36 2.13
-15.91 4.86
-0.96 5.38
1.12 8.24
2.55 4.47
-15 4.34
-13.18 2.13
5.93 4.6
-5.64 7.59
-16.17 1.09
-12.92 5.12
0.99 8.11
1.38 6.81
-4.34 11.1
1.64 9.54
-4.6 6.03
-7.85 5.77
-14.35 -0.21
-17.47 2.39
-15.91 4.47
7.62 -0.99
-11.23 2.65
2.03 0.7
6.58 1.74
-5.12 8.11
-14.61 2.65
3.07 1.48
3.07 4.34
-10.58 5.12
0.99 3.04
-17.6 0.44
2.68 1.22
-6.81 8.37
-10.71 8.89
-13.96 5.64
-6.81 7.33
-6.68 9.8
1.25 9.02
1.9 5.9
-3.82 10.32
7.75 -0.6
-10.19 5.12
7.88 0.05
-11.23 8.76
-7.59 6.16
-10.19 5.38
-0.05 5.38
-0.7 9.02
5.15 1.74
-11.36 7.33
7.36 -0.86
1.9 4.08
-13.44 2.78
-0.31 5.25
1.64 6.29
0.47 9.15
-0.83 6.81
2.42 -0.73
-8.11 9.28
-6.68 6.68
3.85 4.6
-2.91 11.49
-15.39 6.55
-1.87 7.2
-0.05 9.15
-7.46 6.03
-13.18 9.02
-7.72 10.58
-0.18 6.29
-3.69 5.9
-15.78 0.44
-2.52 5.64
1.38 3.82
-15.65 4.6
7.23 -0.34
-12.92 0.31
-9.02 9.41
-16.82 1.87
-13.31 -0.08
1.12 4.99
2.16 8.24
4.89 3.3
-5.38 10.58
-9.54 10.84
3.2 8.5
-8.76 9.28
-1.09 9.15
3.72 6.68
-15.52 3.04
-12.27 5.12
-11.49 5.38
2.81 7.98
-13.7 -0.6
-3.95 8.37
-17.34 0.31
-0.57 7.59
-2.65 9.02
-15.78 1.87
1.51 1.74
-11.36 8.11
2.42 5.9
-4.47 11.23
-15.52 -0.73
-13.31 7.98
0.6 9.93
6.58 -0.6
-14.48 3.82
-9.02 8.89
-8.76 7.85
6.71 -0.86
-2.13 6.94
-12.01 2.39
-4.73 7.85
0.21 8.11
-12.4 5.51
-12.27 4.47
-12.92 5.77
-3.04 8.37
-14.87 5.64
-7.46 10.58
2.29 2
-5.77 6.81
-15.39 5.77
-16.82 0.83
4.24 6.29
-6.81 8.89
-1.74 8.89
-15.39 3.43
-0.83 6.03
4.5 5.38
-3.95 8.24
-7.72 7.46
-13.44 -0.08
-9.67 7.59
-2.78 11.49
1.64 6.16
-6.42 6.03
2.81 5.9
-4.86 10.97
-15.52 0.57
-9.02 9.67
-5.9 9.15
-0.83 10.06
2.68 0.83
-10.58 9.28
-12.14 7.33
1.25 2.26
-0.44 5.9
-9.54 8.24
3.98 5.38
1.25 8.89
-5.12 9.93
5.8 5.77
6.19 2
2.81 3.43
-5.12 6.81
2.29 -0.21
-10.97 7.98
-16.69 3.3
1.12 4.86
-13.18 -0.6
-13.18 8.76
-14.61 5.38
-14.09 3.69
-5.12 8.63
-3.82 11.36
-2.78 6.55
-2.52 8.89
-12.01 -0.47
4.11 -0.34
-3.69 8.24
-7.72 8.24
-13.05 8.89
6.06 4.86
-11.23 6.55
-7.98 8.24
-6.94 6.81
-10.97 7.98
6.06 5.12
-10.71 5.9
-3.17 11.23
2.81 4.08
-13.96 3.95
-0.83 4.73
5.41 6.29
-15.91 1.22
7.1 3.3
-11.75 8.37
-12.4 4.6
-10.19 10.58
-7.33 6.55
-12.4 4.86
2.81 2.13
-12.79 6.81
-13.83 3.82
-13.7 -0.21
-4.08 9.8
-14.61 5.12
0.86 7.72
2.81 -0.99
-14.22 4.6
-10.32 4.73
2.16 -0.86
2.16 -0.86
1.12 5.77
-9.28 7.2
-11.88 8.89
-13.31 6.03
-14.09 4.73
-13.31 -0.08
-14.87 0.57
-10.19 9.28
-3.95 11.62
-16.3 3.95
-12.14 2.52
-12.92 1.61
6.97 2
-5.25 6.94
-1.61 9.67
-7.98 6.03
2.55 7.33
0.6 5.38
-2.26 8.89
-9.54 4.34
-7.59 8.37
-8.76 6.16
-11.75 7.98
-16.43 4.6
4.76 3.3
-8.76 10.71
-3.17 7.2
-4.6 6.16
-8.76 8.11
4.37 3.04
-5.9 11.36
-7.2 6.42
-0.44 5.38
1.25 2.91
-0.83 10.71
-1.61 6.68
-16.82 -0.21
-0.44 5.38
-16.17 4.21
3.98 2.52
-3.17 9.28
-15 0.18
-4.08 7.85
1.51 2.26
5.93 3.3
6.45 2.13
-0.05 5.77
-13.05 7.2
6.06 4.08
-3.43 8.24
-14.09 6.42
-13.83 8.37
-3.95 8.11
-13.44 8.24
3.07 6.29
-8.24 8.76
-8.89 7.07
3.33 6.55
-9.8 10.45
-4.99 10.19
3.72 2.52
-13.7 3.04
0.73 5.38
-1.61 7.72
-10.06 10.84
1.25 4.6
-13.31 6.03
-4.99 8.89
-4.08 8.76
-10.06 6.81
-12.66 7.59
-15.26 1.74
-9.02 5.12
-1.74 5.51
-15.39 3.95
-6.16 6.81
-13.31 3.3
-1.48 11.49
2.94 5.25
-2.78 7.72
-8.89 7.72
