15.8 -0.81
16.19 -0.03
-1.62 -9.26
13.07 -8.48
10.21 -8.61
13.72 -8.22
-5.13 -4.45
12.29 -2.5
17.49 -1.46
3.32 -10.95
10.08 -10.43
3.19 -6.66
-2.27 -9.52
13.72 -4.71
9.17 -8.22
5.4 -9.52
-5.65 -6.14
-2.01 -5.36
15.28 -0.55
13.33 -8.35
16.32 -4.71
-3.18 -8.35
1.76 -11.08
-4.22 -7.18
10.6 -10.56
5.53 -9.65
10.47 -3.67
10.21 -9.13
6.44 -10.69
-2.27 -8.61
6.05 -9.91
8.13 -7.18
0.07 -8.87
-6.3 -3.15
16.71 0.36
3.32 -10.43
-0.32 -10.82
9.69 -10.69
10.08 -10.56
5.66 -8.35
15.93 -4.45
7.61 -8.87
-5.13 -3.02
17.49 -1.46
-4.09 -1.07
1.37 -5.49
-5.13 0.88
-2.79 -6.53
-1.49 -4.84
15.28 -1.07
5.53 -10.3
-2.53 -3.15
12.55 0.75
11.9 -5.75
9.3 -5.75
5.01 -6.01
5.4 -7.7
13.2 0.62
-3.31 -4.19
17.23 0.62
4.88 -6.4
5.53 -8.22
3.06 -8.22
-0.06 -6.53
2.02 -7.57
3.71 -8.61
-0.58 -8.48
-6.43 -1.72
16.58 -2.37
12.16 -6.66
16.32 -0.55
14.11 -1.07
-0.71 -9.78
-1.62 -7.18
1.5 -7.18
-7.08 -1.85
1.63 -7.7
12.42 -1.46
14.5 -5.88
-3.96 -3.93
14.63 -0.16
-0.97 -8.09
7.09 -11.73
14.11 -3.93
15.02 -0.94
14.89 -1.2
13.2 -5.62
-7.34 -1.33
7.22 -8.09
4.23 -9.78
10.99 -7.44
6.31 -9.65
13.2 -4.84
14.24 -4.06
-3.7 -0.94
16.58 -2.5
3.06 -11.21
13.72 -8.61
13.2 -1.98
-3.57 -6.79
11.51 -8.09
2.67 -7.44
12.03 -6.4
-2.79 -1.85
12.68 -3.93
-2.66 -5.75
-5.26 -4.58
0.98 -9.65
8.65 -11.21
5.79 -10.69
-4.61 -3.28
11.12 -9
-6.3 -4.58
2.54 -11.6
7.61 -7.7
3.32 -10.04
4.49 -8.74
4.62 -7.83
5.79 -10.04
13.07 0.62
-5.26 -3.41
13.2 -4.19
2.67 -10.56
7.09 -9.39
8.65 -6.92
-5.65 -6.4
3.45 -8.74
-3.18 -5.1
3.45 -10.69
15.02 0.88
11.77 -9.78
13.85 0.75
0.59 -8.35
12.16 -2.63
14.63 -6.14
17.62 -1.2
-1.23 -5.49
16.71 -3.8
-0.32 -8.35
16.32 -4.71
12.94 -1.2
-3.05 -3.28
13.33 -0.42
13.98 -7.31
-1.62 -10.17
11.77 -9.26
-3.96 -2.5
-5 -0.81
8 -5.49
-2.53 -8.87
3.58 -6.27
0.98 -7.05
15.54 -2.24
0.59 -10.56
7.35 -9.91
4.49 -9.65
5.66 -8.09
13.07 -8.87
-6.69 -1.59
4.1 -7.96
6.31 -9.39
-3.05 -2.89
-5.26 -3.28
-4.22 -2.76
-4.87 -0.55
13.98 -7.83
-3.7 -3.8
16.32 -1.72
16.19 -1.46
14.5 -6.4
12.03 -6.27
-0.32 -3.8
5.66 -11.47
9.43 -9.52
6.96 -7.44
0.98 -5.49
3.32 -11.73
3.58 -10.69
12.42 -8.22
3.97 -9.26
7.87 -11.34
15.15 -5.88
5.01 -6.14
11.9 -8.61
-5.78 -3.67
7.74 -9.39
8 -7.18
9.04 -9.78
14.24 0.36
2.15 -10.43
10.47 -6.92
-3.18 -3.8
6.7 -7.96
9.95 -8.74
-4.61 -7.57
-2.14 -2.63
-3.83 -2.11
11.9 -7.44
3.97 -10.82
4.49 -6.79
1.5 -11.21
5.27 -8.74
9.04 -5.1
8.65 -8.48
4.23 -9.52
-2.4 -7.05
4.36 -10.69
10.47 -3.41
4.75 -8.74
11.12 -2.63
13.2 -7.7
16.06 0.62
2.28 -7.57
8.91 -8.61
3.97 -9.91
7.61 -8.61
17.23 0.88
3.19 -6.53
-3.57 -3.02
15.93 0.49
0.46 -5.36
10.6 -7.18
16.32 -4.06
12.81 -0.55
2.28 -9.39
8.13 -8.35
13.2 -3.41
4.1 -7.7
-6.3 -4.97
15.67 -6.27
11.64 -2.5
-6.56 -3.54
13.85 -1.46
-6.3 -1.2
9.56 -10.17
10.21 -10.56
-0.58 -7.31
2.54 -9.39
13.72 0.62
-3.7 -0.29
9.56 -9.13
-2.4 -4.84
-1.1 -4.19
-1.23 -9.39
-5.26 -4.19
2.8 -9.91
0.72 -9
15.67 -0.03
6.44 -7.44
-6.95 -3.93
13.85 0.36
4.88 -9.13
15.41 -2.76
8 -11.6
5.53 -11.08
-3.31 -0.29
12.81 -8.61
11.25 -9.26
8.52 -10.69
13.85 -7.96
10.34 -6.01
14.63 -4.45
16.58 -3.28
9.17 -7.05
-0.58 -7.83
11.25 -4.06
13.98 0.62
-5.65 -2.89
-5.26 -0.94
-3.57 -5.88
10.47 -8.09
16.84 -3.8
8.91 -9.13
-3.57 -0.94
8.91 -6.79
-1.62 -5.36
-1.75 -2.63
-4.35 -1.33
12.42 -0.55
15.67 -1.33
-5.78 -1.07
11.51 -7.31
-6.69 -4.19
9.43 -7.7
-0.19 -6.92
16.19 -0.81
9.69 -7.44
4.1 -7.18
11.51 -7.96
-4.09 -5.36
8.26 -6.53
12.94 -2.11
-4.74 -1.33
11.64 -7.44
12.68 -7.31
1.24 -10.82
3.71 -7.44
14.76 -5.49
-4.35 -1.85
12.55 -5.1
10.73 -7.57
10.47 -7.57
0.46 -7.83
13.2 -1.33
-3.05 -8.48
0.98 -11.08
4.36 -11.86
3.97 -7.96
6.7 -8.35
4.88 -6.66
17.36 -0.29
-6.95 -1.33
13.33 -4.58
-0.71 -5.88
-0.19 -6.79
14.5 -5.75
13.59 -3.28
12.94 -7.44
-1.88 -5.75
8.78 -5.36
-2.53 -7.57
0.33 -6.4
10.47 -4.71
-2.79 0.49
-4.35 -6.01
12.29 -5.49
13.72 -6.27
-0.45 -5.23
4.75 -11.34
8.91 -9.26
6.05 -6.79
8 -11.47
11.64 -7.18
5.14 -7.7
16.97 -3.02
4.23 -8.09
10.73 -4.58
12.81 -8.35
-2.92 -7.7
-2.27 -9
2.8 -6.27
12.16 0.1
-2.53 -6.66
-5.78 -4.84
15.28 -1.2
-3.18 -0.42
-1.88 -5.1
17.36 -1.59
8.13 -10.56
-2.66 -7.96
4.23 -9.78
-3.44 -1.2
9.82 -5.1
6.96 -10.3
15.41 -6.66
-3.44 -7.05
11.77 -6.53
12.29 -3.8
10.73 -4.71
15.28 -5.75
-3.05 -6.53
8.13 -11.21
6.7 -7.44
-1.88 -4.97
-0.58 -7.83
-2.79 -5.36
-1.49 -2.63
0.2 -10.04
-5.39 -6.01
-4.22 -3.67
-1.49 -5.75
-7.47 -2.63
-1.88 -3.28
-1.75 -4.97
-4.22 -7.96
11.25 -6.53
13.98 0.75
-6.56 -3.02
-2.79 -2.76
10.34 -8.48
-0.32 -8.61
1.89 -8.09
4.23 -6.92
-2.53 -0.03
-1.62 -4.45
10.99 -8.35
-0.45 -10.17
-6.17 -3.93
10.08 -4.71
5.4 -7.18
-3.7 -6.53
-5.91 -6.01
-5.26 -6.53
4.1 -9.78
13.59 -4.45
12.68 -3.41
-2.01 -8.09
4.49 -10.3
5.53 -11.34
8.52 -5.49
-4.61 -1.59
10.99 -4.06
12.81 -5.49
8.52 -5.23
11.9 -2.76
15.93 -5.75
13.2 -2.37
10.47 -8.74
16.71 -0.55
4.49 -9.52
4.1 -8.74
12.03 -5.75
-2.01 -8.09
8.26 -5.36
0.59 -7.18
5.53 -7.7
14.24 -0.03
-1.49 -4.58
-4.61 -4.06
2.02 -9.26
16.71 -0.68
2.28 -10.3
13.2 -7.31
8.13 -10.82
-0.45 -4.19
14.24 -1.07
1.5 -7.44
10.86 -10.04
15.67 -0.55
9.69 -7.96
12.55 -7.05
14.11 -2.63
8.52 -5.36
17.49 -1.33
-6.69 0.23
-1.88 -5.23
-3.05 -5.49
3.45 -6.92
12.94 0.36
10.34 -5.1
9.95 -7.96
14.24 0.88
10.99 -4.97
9.82 -8.35
-5.13 -0.94
-3.31 -1.72
8.52 -11.08
5.53 -9.52
12.29 -6.01
-0.84 -6.92
5.79 -10.43
15.02 -4.71
0.98 -5.23
14.37 -3.41
1.63 -10.56
-1.88 -6.4
17.49 0.75
3.32 -6.79
14.37 -4.32
10.34 -6.01
10.47 -7.05
0.2 -10.17
7.74 -9.91
13.46 -3.54
-0.45 -6.66
2.28 -7.96
-4.35 -5.36
-6.17 -2.5
-5.65 -4.58
5.92 -7.44
11.25 -5.1
-2.92 -6.92
15.02 -0.16
2.54 -7.7
4.36 -9.26
-4.22 -1.59
-1.62 -8.74
1.37 -5.88
7.09 -5.88
-1.36 -9.65
-5.91 0.75
-2.79 -7.18
4.49 -9.26
15.02 -2.24
-1.1 -8.09
-4.22 -0.55
14.37 -6.4
0.2 -9.39
-3.44 -6.79
13.07 -3.93
-1.36 -7.83
4.75 -7.18
13.33 -1.98
11.64 -10.04
6.83 -10.43
-2.92 -0.42
-0.84 -9
10.99 -4.97
-6.56 0.49
-7.47 0.49
9.56 -7.05
9.43 -6.01
3.71 -9.91
15.67 -6.01
16.06 -0.03
-6.17 -5.36
10.21 -6.66
-0.97 -8.09
16.19 -2.63
13.07 -0.68
8.26 -9.26
16.58 -4.19
15.41 -1.2
14.11 -7.05
15.67 -5.36
11.12 -4.58
-3.83 -0.16
-4.61 -3.8
-3.18 -8.48
-5 -4.32
1.37 -7.83
-3.96 -1.33
1.76 -8.35
12.55 -6.92
7.48 -6.4
-0.97 -3.28
-2.66 -7.05
-0.71 -8.35
12.16 -3.54
-6.04 -3.15
-0.71 -10.17
9.95 -10.56
8.39 -10.95
-7.6 -1.98
1.76 -10.56
13.72 -1.98
-5.65 -3.02
-4.61 0.23
14.37 -4.19
9.69 -10.04
-0.71 -7.96
16.71 -1.33
-2.4 -0.16
-5.91 -3.41
3.71 -11.73
1.11 -10.56
-3.7 -0.16
16.06 -4.58
9.43 -8.35
12.68 -9.39
15.8 -5.49
13.98 -6.01
-2.27 -0.42
-3.96 -1.59
-4.74 -6.53
5.53 -11.6
9.56 -4.58
1.37 -5.88
2.54 -7.7
-0.06 -9.78
14.63 -0.03
-1.62 -8.35
-6.04 -2.24
-5.13 -2.63
15.02 -2.63
-3.83 -7.05
16.19 -5.49
7.35 -10.82
-2.14 -1.07
-1.88 -9.91
-7.08 -2.11
5.14 -10.56
14.76 0.36
-6.43 -4.58
12.42 -7.44
2.41 -6.79
-0.84 -10.56
4.49 -11.86
2.41 -9.13
1.11 -5.88
15.67 -4.45
13.33 -2.63
-2.01 -3.41
3.45 -6.66
13.59 -8.74
12.42 -3.02
8.13 -8.74
0.46 -5.36
2.15 -11.21
12.03 -5.36
13.98 -6.14
4.36 -7.44
3.71 -6.53
0.07 -10.3
15.28 -4.19
-0.19 -6.01
4.62 -7.05
15.15 -1.46
9.3 -7.05
-3.18 -6.14
2.93 -6.27
-4.35 -7.18
-4.22 0.62
6.18 -9.91
16.84 -2.5
3.32 -6.14
13.59 -7.7
17.88 -0.03
16.71 -2.89
1.37 -9
4.36 -9.26
17.88 -0.42
-5.52 -2.76
6.96 -8.48
15.8 -4.84
-5.52 -1.2
8.65 -5.62
-5.13 -6.92
10.86 -10.3
12.81 -1.59
0.72 -5.49
13.59 -0.81
17.23 -2.76
14.24 -1.72
-3.7 -3.15
15.93 -1.33
-3.57 -0.16
17.62 -0.42
-0.45 -7.18
3.06 -11.47
15.67 -4.45
-3.96 -6.01
-6.43 -2.11
-2.27 -4.71
4.75 -11.21
-4.35 -2.5
4.49 -10.82
1.11 -8.87
-1.62 -3.8
12.42 -4.45
12.03 0.88
7.74 -6.66
-5 0.23
-2.53 0.49
5.92 -9.65
17.23 -1.98
15.28 -0.03
10.21 -8.35
10.86 -7.57
8 -7.44
-0.58 -7.96
7.74 -9.39
0.59 -10.43
10.99 -5.62
10.73 -9.26
2.93 -6.14
3.84 -9.91
0.85 -5.88
9.04 -6.27
12.42 -0.68
9.3 -5.62
0.72 -10.43
10.99 -3.02
-2.01 0.49
-0.19 -6.92
-0.71 -4.84
1.76 -7.31
-4.48 -7.31
10.21 -5.36
12.16 -4.06
-5.13 -1.98
-4.35 -5.36
2.8 -10.04
15.8 -0.55
-4.22 -4.71
15.67 -3.93
10.99 -5.36
0.07 -6.01
-2.4 -7.31
1.76 -8.22
7.35 -10.04
15.54 -6.01
13.2 -3.15
16.32 -4.32
13.46 -3.28
0.98 -10.69
10.73 -7.57
-0.19 -4.06
-3.96 -8.09
10.34 -10.69
-3.44 -8.48
0.46 -8.22
-3.96 -3.67
4.23 -9.13
-5.78 -5.88
14.24 -6.14
10.47 -6.14
14.37 -0.42
-7.73 -0.42
12.68 -0.81
3.06 -8.09
-5.78 -3.67
1.76 -7.18
12.03 -9.13
-1.62 -8.61
7.61 -8.61
8.52 -11.47
9.56 -8.35
-3.44 -5.23
-2.66 -2.24
5.27 -6.01
-1.1 -8.22
0.2 -8.22
10.21 -4.97
2.93 -9.52
2.41 -6.79
10.47 -9
12.81 -4.32
-6.3 -2.5
15.67 -3.41
7.35 -10.56
0.33 -9.65
-0.58 -6.66
-5.52 -6.53
0.72 -7.18
-4.09 -7.83
1.11 -6.66
1.89 -6.14
3.32 -11.34
-6.04 -1.07
-5.26 -4.84
-6.82 -1.07
-4.87 -0.68
-2.01 -4.58
2.67 -10.3
2.15 -7.18
1.37 -5.1
16.97 0.49
10.34 -7.05
8.52 -8.48
1.11 -7.05
-4.35 -5.62
-6.04 -0.03
10.99 -6.4
12.42 -9.26
-0.19 -6.92
2.67 -8.48
17.49 -1.85
13.33 -1.72
1.89 -6.92
-2.27 -1.98
13.07 -3.02
9.17 -8.48
13.85 -0.55
-1.62 -3.54
-0.19 -5.49
6.44 -7.7
5.53 -6.92
7.87 -6.01
-0.97 -3.15
0.07 -4.19
-2.79 -0.81
17.36 -2.11
-2.53 -8.09
-7.08 -3.8
10.08 -9.39
10.08 -9.91
16.06 -1.46
0.85 -10.04
0.33 -9
13.46 -7.44
15.8 -4.97
3.32 -6.4
-4.35 -7.05
9.43 -7.31
-2.79 0.75
11.12 -7.96
0.72 -7.57
-4.87 -6.53
-4.09 -1.07
14.63 0.36
12.42 -8.87
-5.65 -3.41
-4.48 -2.89
-2.27 -4.19
10.73 -5.1
10.86 -9.39
-1.62 -2.37
8.65 -8.87
6.31 -7.18
0.98 -7.18
6.05 -8.22
12.55 -3.15
3.84 -9.39
14.89 -4.06
13.85 -2.11
5.53 -10.04
10.6 -6.53
-2.92 -0.68
5.4 -6.01
-5.13 -2.76
-2.92 -7.83
9.82 -10.17
2.54 -6.53
4.49 -9.65
-0.45 -10.43
16.06 -1.07
2.67 -5.62
2.54 -5.88
-2.79 -1.07
11.12 -2.89
16.71 -4.58
12.68 -7.7
8.13 -8.74
-2.27 -6.4
-4.74 -4.97
14.5 -7.44
13.72 -6.14
4.23 -6.4
-5 -0.29
3.32 -8.35
-1.36 -4.58
-1.23 -9
12.94 -0.03
14.37 -0.42
0.07 -4.06
-3.96 -1.59
0.07 -10.69
15.54 -5.1
-7.08 -2.11
3.97 -10.04
11.38 -7.31
1.5 -11.34
16.19 -0.16
12.81 -4.97
-1.23 -7.57
-5.26 0.88
-3.44 -2.24
-4.48 -6.4
3.58 -7.05
8.52 -8.61
13.07 -2.24
13.72 -6.79
0.85 -5.88
-2.79 -1.85
8.26 -6.01
12.94 -5.88
-2.66 -8.22
-2.01 -3.41
12.29 -5.23
13.85 -7.96
9.69 -10.82
-4.48 0.62
-0.58 -9
12.29 -0.16
-3.05 0.49
-6.69 0.75
-0.06 -9.39
-4.48 -6.27
11.9 -8.09
4.75 -6.27
-3.96 -0.94
10.08 -7.83
-2.53 -4.06
11.77 -10.04
3.97 -6.53
15.93 0.49
-3.7 -5.36
16.19 -2.37
8.39 -6.01
-3.31 -6.53
-6.95 -3.02
-2.53 -1.46
0.59 -9.65
-4.09 -0.16
8.78 -10.69
-3.44 -6.53
12.03 -5.36
-6.3 -2.5
-1.36 -2.24
9.82 -7.57
16.58 0.36
3.71 -6.79
-2.14 -4.71
2.8 -11.73
-0.32 -4.45
0.33 -4.58
-0.84 -6.01
17.49 -1.33
8.52 -5.23
14.5 -0.29
16.06 -3.28
15.28 -5.36
-7.34 -0.55
15.28 -2.11
15.67 -4.45
5.4 -9.13
3.19 -8.35
15.41 -1.85
14.24 0.75
5.14 -7.18
9.69 -9.52
15.93 0.23
-0.58 -6.14
-1.75 -6.27
-6.04 -2.5
10.99 -8.61
11.64 -8.87
4.1 -11.47
-5.91 0.23
7.35 -10.69
0.07 -10.43
-2.79 -2.11
13.07 0.23
13.72 -3.28
-0.06 -6.66
-2.14 -8.74
4.62 -11.6
12.81 -4.19
4.36 -6.79
-3.7 -6.27
6.57 -11.34
9.69 -6.27
-3.96 -0.29
1.11 -6.14
-6.69 -0.55
-2.14 -1.59
17.88 -0.03
15.54 -0.68
3.45 -10.69
0.72 -4.71
-0.58 -7.05
12.94 -3.28
-2.92 -0.03
15.41 -4.71
-0.97 -9.39
12.42 -3.93
13.07 -0.29
-7.86 -0.55
15.54 -1.07
1.24 -4.97
15.67 -6.14
0.72 -5.49
-3.05 -5.75
14.63 -7.18
4.49 -11.6
16.71 -0.94
14.11 0.49
17.62 -1.2
9.95 -8.35
13.2 -2.76
17.49 -2.5
16.32 0.62
15.41 -2.76
4.23 -7.57
-6.17 -1.98
16.58 -0.68
14.89 -1.07
3.71 -6.79
-7.21 -2.76
13.72 -7.31
17.23 -0.55
17.36 -2.24
15.15 -0.55
-6.69 -0.81
16.58 -3.41
6.96 -9.78
13.33 -5.1
3.06 -8.74
15.02 -1.85
-5.39 -1.98
3.97 -9.52
-4.35 -4.58
13.85 0.23
7.48 -8.61
-0.06 -5.23
7.35 -10.69
4.49 -9.39
-1.36 -3.67
-7.73 -0.94
9.17 -10.04
-4.09 -2.63
1.5 -10.69
3.06 -7.31
-3.57 0.88
3.45 -10.69
5.92 -7.57
1.5 -11.21
-5.13 -5.62
-3.7 0.1
0.72 -6.79
12.16 -0.03
0.85 -7.7
1.37 -9.13
3.84 -7.44
-3.05 -3.15
-1.49 -8.61
11.12 -8.35
10.6 -5.49
7.09 -7.44
2.54 -9.13
2.93 -6.79
15.67 -0.94
3.58 -6.79
-6.17 -3.15
11.9 -6.01
-5.39 -3.15
-1.75 -3.54
-4.61 0.1
14.89 0.36
0.33 -10.3
14.24 -6.14
17.49 -2.11
-2.27 -8.09
-6.17 -3.67
-1.49 -5.1
1.76 -8.22
-5.65 -0.29
-1.62 -4.71
10.6 -6.14
-4.48 -5.36
-1.36 -8.09
16.19 -2.89
12.94 -7.31
15.93 -0.81
-1.88 -7.57
-6.56 -3.54
12.29 -3.67
2.93 -6.01
-7.21 -3.41
9.04 -8.22
-2.01 -7.44
6.18 -10.56
17.62 -0.55
13.07 -8.61
1.5 -11.08
7.22 -10.95
2.28 -9
15.15 -2.63
13.59 -2.11
9.95 -4.71
14.63 -5.62
14.11 -2.63
11.38 -9.26
13.33 -0.42
13.59 0.62
1.63 -10.82
-5.78 0.49
-0.32 -4.06
-3.18 -0.94
15.93 -1.59
14.89 -7.31
14.63 -1.98
-1.36 -7.96
5.66 -11.34
-2.53 -7.31
15.67 -6.27
8.91 -6.92
12.29 -2.11
9.95 -4.32
2.41 -6.4
-5.91 -6.01
16.06 -4.32
14.24 -7.05
16.84 -4.19
9.04 -7.83
10.47 -9.39
13.85 -0.16
14.37 -2.63
-1.88 -2.11
9.3 -8.61
-0.84 -9.78
11.64 -4.32
16.06 -1.85
12.81 -9.13
15.41 -0.94
8 -10.95
1.89 -7.05
8 -10.3
2.54 -7.44
14.76 -1.59
7.87 -6.01
0.2 -4.19
-2.79 -6.92
7.87 -7.18
6.44 -8.74
6.31 -11.47
15.93 -0.94
14.24 -4.71
10.73 -6.01
-1.1 -7.05
-2.14 -1.07
13.07 0.1
-3.83 0.88
6.44 -7.18
6.05 -6.14
5.53 -7.44
16.58 -3.54
-0.97 -3.8
-7.34 -1.46
-2.92 -3.8
-2.14 -7.31
-0.84 -9
-0.58 -3.93
-6.43 -3.41
-5.91 -1.72
-4.74 0.49
-3.05 -4.45
15.67 0.36
1.63 -5.49
2.54 -6.4
9.04 -8.22
1.37 -9.91
9.43 -7.57
1.37 -10.04
11.77 -7.96
11.12 -4.06
4.36 -8.09
-2.4 -6.79
-3.7 -5.49
-4.74 -3.54
-4.09 -2.63
-3.31 0.23
16.19 -3.02
0.85 -5.62
-2.92 -8.35
1.11 -8.35
-5.65 -1.2
14.89 -0.03
13.07 -2.76
16.84 -2.63
6.05 -10.3
9.43 -7.05
1.5 -7.18
15.8 -3.28
8.39 -6.14
3.58 -7.31
-6.04 -2.76
-2.92 0.75
12.94 -1.2
1.89 -11.34
14.5 -7.7
3.32 -7.96
3.32 -9.65
-7.21 -3.02
8.52 -6.53
11.64 -3.54
12.94 -4.32
-4.22 -3.28
2.67 -7.7
5.14 -7.83
-3.44 -6.27
16.32 -0.94
0.98 -8.09
6.31 -10.04
8.65 -9.52
13.98 -8.35
-3.96 -2.89
-3.57 -2.24
15.67 -0.81
11.77 -2.11
2.54 -8.09
0.72 -10.43
14.63 -5.62
0.33 -10.17
-2.4 0.36
15.93 -3.41
7.35 -6.4
-0.71 -10.56
12.29 -1.72
-5.26 -2.37
11.38 -7.18
3.06 -8.87
10.08 -6.01
-0.58 -4.97
8 -5.88
13.72 -0.03
0.33 -10.69
12.42 -8.22
-3.44 -4.32
-0.84 -8.48
-1.36 -9.13
-5 -4.32
-0.58 -10.17
-3.05 -6.27
9.3 -9.65
0.46 -8.35
13.2 -4.06
-2.4 0.23
-7.34 -1.85
13.72 -4.19
2.93 -10.56
-3.44 -6.01
-2.53 -7.31
-1.23 -10.3
12.55 -4.32
10.73 -6.53
-7.6 0.75
10.99 -9.52
4.75 -10.69
-0.32 -4.97
17.62 -1.33
16.71 -3.28
11.12 -5.62
-1.23 -9.78
10.6 -7.44
10.47 -9.52
-5.39 -1.07
2.28 -9.65
13.46 0.23
15.28 -3.67
17.23 -0.29
13.59 -3.02
15.8 -1.2
-1.23 -8.48
3.19 -9.65
16.71 0.23
-1.88 -4.19
15.67 -5.36
-3.18 -8.09
0.85 -10.17
15.93 0.36
-3.18 0.75
15.93 -3.02
-1.23 -4.71
-5.52 -1.85
7.87 -8.87
-3.44 -4.45
-4.48 -6.4
7.09 -10.56
3.71 -7.7
12.81 -1.46
12.81 -1.2
7.48 -9.39
10.47 -9.91
0.46 -8.48
17.88 -0.42
15.41 -2.76
-2.92 -2.5
-1.1 -10.43
-5.26 -0.81
8.91 -10.95
-5.39 -3.54
-5.91 -5.75
3.97 -11.08
12.03 -3.02
3.97 -11.08
-2.14 -8.09
15.54 -4.58
-5.52 -2.11
-2.53 -2.11
6.05 -7.96
-2.66 -9
7.35 -10.17
11.38 -4.58
-7.08 -3.54
-2.14 -8.61
13.72 -5.62
-0.32 -8.35
15.54 -4.06
-5.26 0.1
-1.88 -9
11.77 -1.98
10.08 -4.58
12.81 -3.41
0.07 -6.53
12.29 -4.32
9.56 -8.09
16.45 -2.63
15.41 0.62
-6.82 -0.55
12.81 -5.23
-0.97 -3.93
-4.35 -6.14
-2.66 -3.41
-1.1 -10.3
14.76 -3.67
13.46 0.62
-6.56 -2.76
16.32 -4.06
1.89 -10.69
-3.96 -0.68
-3.7 -4.71
7.48 -8.61
-4.74 -0.03
6.7 -5.88
-0.19 -9
9.95 -9.39
-3.44 -0.81
4.88 -9.65
7.09 -7.31
11.38 -6.27
-5 -5.88
17.88 0.23
-3.7 -3.28
13.72 -5.75
1.76 -6.79
15.02 -4.84
-3.18 -2.76
16.32 -0.81
14.11 -7.31
14.76 -1.98
-5.13 -4.84
-6.04 -0.16
1.63 -9.52
8.65 -6.92
9.17 -6.79
9.3 -8.22
14.89 -7.31
-1.1 -10.3
11.25 -9.26
-4.87 -4.97
12.16 -8.87
3.84 -11.21
7.61 -5.62
14.11 -6.27
14.11 0.75
10.08 -4.71
-2.79 -0.29
-3.57 -8.22
-3.83 -6.79
3.19 -11.73
9.95 -6.66
-3.05 -2.24
13.72 -5.23
15.67 -4.32
4.49 -8.09
17.23 -1.98
14.76 -3.02
15.8 -3.93
5.66 -11.21
9.17 -10.82
11.12 -9.13
12.68 -8.61
11.64 -5.75
-2.27 -7.44
-0.45 -9.78
-6.04 -5.62
13.2 -4.06
-1.23 -3.28
0.33 -5.88
-3.7 0.88
-1.49 -3.28
-2.4 -0.29
15.54 -1.46
1.24 -5.1
6.31 -10.3
11.25 -10.17
-0.58 -10.17
-7.86 -0.03
1.24 -6.01
-0.19 -5.49
11.25 -4.19
-6.04 -1.72
9.56 -7.31
9.95 -9.13
14.11 -5.49
-2.53 -8.61
6.96 -11.21
-2.4 -1.2
5.66 -11.08
-6.17 0.88
-3.44 -0.81
6.83 -6.14
9.04 -7.31
9.43 -5.1
5.79 -11.86
3.84 -9
12.94 -7.44
-4.61 -0.16
-2.27 -7.7
2.41 -6.53
3.19 -7.31
16.71 -3.02
11.64 -2.89
0.33 -5.23
7.48 -7.7
5.14 -11.21
14.11 -0.29
-5.26 -2.11
-6.3 -3.67
15.8 -0.16
10.6 -9.39
3.97 -9.91
5.27 -11.99
-4.87 0.1
7.87 -8.22
10.73 -3.67
14.63 0.88
11.77 -8.22
-7.08 -0.16
15.02 -4.19
-5.78 -4.97
-3.57 0.75
13.59 -1.07
9.95 -10.17
-3.7 -3.15
12.68 -3.54
1.37 -9.26
1.24 -8.09
-6.95 0.1
-2.4 -6.53
-5.26 -0.03
5.92 -8.09
9.82 -10.69
12.29 -3.28
9.69 -8.22
11.12 -6.14
5.66 -11.08
0.85 -9.78
-5 -5.88
13.46 -6.79
-4.87 -0.03
-1.36 -4.97
17.36 -0.68
14.24 -1.85
-6.56 -0.55
1.24 -9.52
-1.1 -10.17
12.81 -2.76
-0.45 -3.8
2.41 -11.6
-0.45 -8.22
-0.84 -4.06
3.97 -10.04
-7.86 0.36
-3.05 -5.62
1.76 -10.3
-4.35 -0.29
-1.36 -4.45
-2.27 -8.87
-5 -6.4
-2.92 -0.55
1.89 -7.18
3.71 -7.7
4.88 -8.48
-3.57 -6.01
6.7 -10.69
-2.79 0.88
-2.27 -4.58
-0.45 -8.09
15.28 -1.33
15.41 -3.28
-1.49 -2.5
-5.91 -5.62
-3.83 -1.72
-2.92 -2.24
-7.08 -2.63
13.46 -7.96
14.24 -3.67
5.27 -6.4
-1.1 -3.28
14.89 0.49
7.61 -6.79
12.55 -8.74
2.02 -6.66
11.51 -8.61
-6.95 -0.16
4.62 -10.69
16.45 -3.15
16.06 -3.93
-3.44 -1.07
13.33 -6.4
15.02 -2.37
10.86 -4.84
1.37 -6.14
10.73 -4.97
-3.44 -7.83
11.77 -3.8
-1.62 -8.22
0.33 -4.84
-0.06 -3.93
-4.61 -6.66
-3.05 -1.33
6.96 -10.17
11.12 -7.44
-3.96 0.88
4.88 -11.6
-4.35 -7.96
3.19 -10.3
-5 0.75
11.38 -2.5
-6.82 -0.16
-0.58 -7.83
8.13 -6.4
15.93 -2.24
14.5 -5.36
-6.3 -2.24
11.77 -1.72
5.53 -7.57
9.56 -6.01
8.13 -8.74
5.79 -9.91
9.82 -8.22
-6.43 -1.2
-2.66 -2.76
-0.06 -10.17
-7.73 -0.29
17.1 -0.42
17.62 0.62
-2.27 -8.09
12.03 -8.48
10.99 -5.49
-4.35 -2.76
-6.82 -1.46
-2.53 0.62
0.46 -9.65
5.4 -10.43
-5.39 -2.24
5.53 -10.17
3.58 -7.18
6.18 -8.09
-4.74 -0.42
-2.4 -0.42
14.89 -6.79
3.45 -7.96
4.62 -11.86
2.67 -7.31
8.26 -8.09
11.25 -10.04
17.75 0.62
-1.75 -4.71
12.55 -2.24
12.29 -4.84
-4.35 -7.57
13.33 -5.1
11.12 -4.58
17.1 0.62
-5.26 -3.93
-1.62 -8.87
15.02 -3.02
-6.04 0.62
16.71 -1.72
17.1 -1.07
16.97 0.1
12.42 -4.71
15.28 -5.36
-3.57 -7.05
-4.48 -1.59
-3.7 -4.32
-2.27 -3.93
7.35 -5.88
-3.57 -8.74
2.67 -10.17
-4.22 -0.29
-2.66 -9.39
7.35 -10.3
11.38 -2.24
-1.23 -5.36
17.75 -1.07
13.2 -7.57
15.15 -3.67
-5.39 -5.36
-2.14 -1.07
13.33 -3.41
-6.95 -4.06
6.44 -10.17
-7.34 -2.89
8.52 -11.08
10.6 -7.83
2.67 -11.08
-3.83 -0.29
16.19 -5.23
-4.48 -2.11
8.91 -9.39
15.28 -2.5
-1.23 -3.67
15.02 0.62
9.43 -10.43
12.42 -8.09
15.15 -0.68
-1.88 -5.49
9.04 -10.82
-6.82 -3.8
-3.18 -3.41
8.26 -6.53
-2.66 -3.41
11.64 -9.65
-6.43 -0.29
13.85 0.36
6.7 -10.69
-2.14 -3.8
16.45 -0.16
-3.31 -1.07
16.32 -1.2
-3.31 -5.49
5.92 -7.18
13.2 -5.88
3.84 -10.04
-1.1 -6.79
0.85 -10.17
1.76 -10.95
0.72 -8.35
0.59 -4.45
5.01 -7.96
0.46 -9.26
-0.32 -6.66
7.48 -5.62
5.01 -9.26
6.44 -10.04
2.8 -10.69
-0.19 -7.83
1.63 -10.17
17.75 -1.2
12.68 -0.81
3.06 -9.65
14.76 -3.02
0.98 -5.62
16.19 -1.33
8 -9
5.01 -6.4
-0.71 -10.04
-3.05 -2.37
0.85 -10.3
-2.27 -9
11.64 -3.8
-0.19 -8.48
1.63 -9.13
16.45 -2.76
-6.04 0.49
0.59 -9.26
-4.74 -3.93
-2.27 -8.61
14.76 -6.4
12.42 -0.03
17.23 -1.85
14.5 -4.84
1.63 -11.34
0.72 -5.49
13.46 -3.8
5.66 -11.08
1.37 -5.62
14.5 -2.89
11.25 -9.78
9.17 -9.13
5.66 -7.83
14.76 -6.92
-3.96 -5.49
-2.66 -1.33
14.63 -3.41
3.58 -9.13
12.68 -6.53
8.78 -9.78
11.9 -3.54
9.3 -7.44
12.68 -5.88
6.05 -7.31
-3.83 -6.27
13.98 -8.35
10.73 -5.49
14.11 -1.98
8.91 -6.4
-5.13 -5.62
15.67 -1.72
2.93 -7.83
5.01 -8.48
-4.35 -2.11
6.96 -9.78
-5.65 -5.62
-1.75 -1.98
0.85 -7.7
-3.18 -4.71
13.59 -7.57
9.43 -10.69
11.25 -9.13
-3.96 -3.28
-1.1 -8.09
0.46 -5.49
-4.22 -2.24
14.89 -3.02
2.93 -9.13
4.23 -6.4
1.5 -6.92
-3.05 -5.49
2.02 -6.53
14.76 0.88
1.5 -9.91
-0.45 -5.62
-3.05 -4.45
-2.27 -9
-6.69 -3.8
-6.17 0.1
6.7 -7.05
9.82 -5.1
13.33 -4.19
-5.26 -4.97
16.58 -2.11
13.98 -1.98
-0.32 -7.44
7.48 -7.57
-3.96 -7.31
-7.08 -0.94
2.8 -8.35
11.9 -9.78
13.46 -2.24
1.5 -11.21
6.7 -6.53
-5.13 -2.63
11.64 -2.5
-4.87 -4.71
-0.84 -8.35
14.5 -4.84
-1.88 -4.97
4.23 -9.39
12.03 -7.05
2.15 -11.21
0.59 -7.57
-4.22 -3.54
-2.4 -9.13
11.51 -9
13.98 -6.79
0.46 -10.82
13.72 -1.33
10.86 -5.36
9.17 -6.27
5.27 -7.96
-4.09 -1.98
3.19 -9
5.92 -11.47
0.98 -6.79
15.93 -1.98
-2.79 -2.76
2.02 -7.57
-6.17 0.88
16.32 -5.36
9.17 -7.96
16.45 -0.42
-5.91 -3.8
13.72 -5.49
4.49 -10.69
-3.05 -1.07
15.93 0.36
1.76 -6.27
4.88 -6.53
2.41 -8.48
12.68 -8.22
-4.09 -0.81
8.13 -8.61
16.97 -2.89
11.77 -1.33
14.37 -2.11
-0.19 -5.88
12.81 -2.76
1.5 -9.78
4.75 -9.13
14.76 -5.49
-6.3 -4.32
4.62 -7.05
-2.14 -2.89
10.08 -7.7
3.84 -10.56
3.32 -11.21
-7.73 0.88
-3.05 -9
-3.18 -2.11
6.18 -11.47
12.29 0.36
-3.18 -7.18
6.7 -7.83
11.38 -7.31
14.76 -5.75
14.24 0.75
1.63 -7.05
-4.35 -7.44
-2.01 -8.09
-4.09 -3.8
-6.17 -3.67
-5.26 -3.8
12.94 -5.36
16.45 -0.81
3.45 -6.53
-7.21 -0.81
11.38 -4.58
12.16 -2.5
13.85 -5.49
3.45 -11.34
-4.09 -4.71
12.29 -1.59
16.84 -4.32
0.33 -7.96
15.28 -1.72
-1.49 -6.27
-5.65 -3.54
3.06 -7.57
10.99 -7.57
12.94 -3.28
13.72 -1.46
13.07 -7.44
2.02 -7.31
-2.53 -6.14
-2.53 -1.72
3.06 -8.22
-3.57 -5.88
-3.31 0.23
-1.62 -6.66
12.42 -4.32
7.22 -8.09
11.64 -7.18
0.07 -4.58
13.07 -2.76
3.58 -7.96
10.47 -9.13
12.42 -8.74
-1.75 -1.98
-0.06 -4.58
11.64 -9.13
12.16 -6.92
1.24 -10.43
9.56 -8.22
12.29 -6.92
5.01 -11.47
-0.06 -9.52
9.56 -7.18
4.23 -8.48
3.32 -10.17
4.23 -6.4
-3.05 -1.59
-0.32 -4.97
11.25 -8.61
13.85 0.1
2.15 -10.17
12.81 -0.68
9.82 -8.48
-1.1 -9
-3.05 -6.66
-6.17 -3.67
5.53 -8.35
11.51 -5.49
17.49 0.23
3.45 -7.05
-2.01 -1.98
-0.84 -4.19
11.9 -2.24
-3.83 0.49
3.06 -7.44
-1.1 -7.57
11.38 -8.87
1.5 -5.62
-4.87 0.88
13.2 -0.55
10.86 -10.56
-5.91 -1.72
-5.39 -0.68
-2.92 -7.96
-1.75 -8.87
16.97 -2.89
6.18 -8.22
10.47 -8.48
-4.61 -4.19
-3.44 -4.97
-2.79 -8.48
12.68 -7.7
9.56 -6.4
2.93 -6.27
13.85 -2.11
12.94 -5.75
-6.43 -3.02
8.13 -10.3
12.29 -4.32
7.61 -5.62
13.07 -2.11
-5 -0.42
0.46 -4.71
12.03 -6.14
12.55 -2.24
-3.44 -2.11
-2.14 -9.65
-3.31 -1.46
9.3 -9.13
-1.36 -4.84
7.48 -6.79
3.58 -7.05
10.73 -4.97
2.93 -9.91
-4.48 -2.11
-1.88 -3.41
-0.58 -4.32
12.42 -1.33
13.59 -3.15
-1.23 -6.27
-4.09 -4.84
-7.47 -0.03
-1.75 -4.97
12.16 -5.36
14.11 -2.37
11.38 -6.01
16.58 -1.85
8.91 -6.14
1.24 -10.04
-7.21 0.62
16.19 -3.02
-1.1 -6.27
13.46 -8.09
-0.32 -10.04
14.5 0.49
-4.61 -5.1
9.82 -10.43
10.21 -6.92
-6.82 -3.41
7.48 -7.7
14.63 -1.07
-6.95 0.23
10.34 -7.44
2.93 -9.26
1.24 -9.26
-4.22 -1.85
9.82 -7.05
3.58 -9.91
15.67 -1.85
-6.82 0.1
12.03 -0.16
1.37 -11.21
13.72 -5.75
-4.61 -3.67
-2.14 -7.44
8 -8.48
11.51 -8.35
8.52 -9.13
-5.91 -4.32
-2.66 -1.59
17.49 -1.98
12.29 -3.28
-1.75 -6.14
-4.87 -0.42
2.02 -9.39
6.96 -9.13
6.44 -8.35
12.55 -9.26
10.34 -8.61
-6.82 -0.03
0.33 -6.92
13.46 -0.03
10.99 -2.89
-6.82 -4.32
10.34 -9.26
17.49 -1.07
16.84 -2.5
5.27 -9.39
0.2 -10.69
14.11 -1.98
14.76 -7.31
16.84 -0.42
-0.06 -9.13
8.52 -7.96
-1.36 -8.48
9.82 -7.05
10.99 -4.58
4.23 -11.21
4.23 -8.61
-6.3 -0.16
-5.78 -4.45
17.62 -0.55
-0.58 -8.22
-6.69 -0.55
1.5 -6.4
13.33 -4.32
16.84 -0.68
-2.4 -0.16
11.25 -5.75
6.7 -6.53
0.98 -8.09
-2.79 -4.19
12.68 -6.14
16.06 0.1
-1.23 -9.26
-4.35 -2.63
-4.22 -5.49
10.6 -3.93
10.08 -6.14
10.34 -6.53
7.74 -9.13
-3.18 -5.62
2.67 -6.27
-3.44 -3.93
0.98 -9.91
4.88 -9.91
5.92 -6.92
-0.06 -8.35
15.67 0.36
12.42 0.23
-5.78 -0.94
10.6 -8.48
13.46 0.23
9.82 -4.58
-6.43 -4.32
16.06 -2.63
-4.22 -4.97
3.71 -9.91
13.33 -0.29
8.78 -8.22
0.72 -11.08
-3.05 0.1
-6.04 -5.1
8 -11.21
8.52 -8.09
-3.44 -4.84
12.94 -8.74
-3.44 -6.4
-5.52 -2.24
17.23 0.23
-5.78 -2.11
15.15 -4.97
12.81 -2.11
-0.19 -6.53
6.44 -8.48
-4.09 -8.09
-7.47 -1.98
