15.8 -2.81
5.02 2.96
7.1 5.56
16.19 -2.03
-1.62 -11.26
13.07 -10.48
3.2 4.39
10.21 -10.61
4.37 5.69
13.72 -10.22
5.67 4.91
-5.13 -6.45
-9.02 9.72
-15.26 3.48
5.93 5.82
-3.04 10.11
-16.3 4.39
-6.16 11.41
12.29 -4.5
-9.93 10.11
17.49 -3.46
-12.01 4.78
5.67 6.86
-13.57 9.33
-12.4 7.51
3.32 -12.95
-8.11 11.15
-8.11 9.85
10.08 -12.43
-11.23 8.29
3.19 -8.66
-2.27 -11.52
-12.79 4.78
-13.96 3.22
-5.38 10.24
13.72 -6.71
9.17 -10.22
5.4 -11.52
-8.89 9.85
0.21 7.38
7.49 4
-5.65 -8.14
-2.01 -7.36
-2.26 8.16
15.28 -2.55
13.33 -10.35
-12.66 7.51
7.1 1.01
-13.57 9.33
16.32 -6.71
-14.48 9.46
-10.32 5.69
-13.83 7.64
-3.18 -10.35
1.76 -13.08
-4.22 -9.18
10.6 -12.56
-12.4 9.2
-16.3 5.95
5.53 -11.65
3.98 3.22
-2.78 13.49
-8.89 11.8
4.37 4.26
10.47 -5.67
7.62 1.92
0.99 9.85
10.21 -11.13
6.44 -12.69
-2.27 -10.61
6.05 -11.91
8.13 -9.18
0.07 -10.87
5.28 7.51
4.5 5.04
-10.19 9.2
-5.12 13.49
2.68 10.5
-6.3 -5.15
16.71 -1.64
4.89 6.47
-12.14 8.29
3.32 -12.43
1.25 10.37
-0.32 -12.82
9.69 -12.69
0.47 12.32
-17.21 1.14
-3.3 10.37
10.08 -12.56
5.66 -10.35
-1.48 7.51
15.93 -6.45
7.61 -10.87
-5.13 -5.02
17.49 -3.46
-4.09 -3.07
-6.03 10.37
1.37 -7.49
-5.13 -1.12
-2.79 -8.53
-5.25 12.71
-1.87 12.71
-15.52 5.69
-0.83 8.16
-8.5 10.89
-1.49 -6.84
-10.19 6.47
15.28 -3.07
5.53 -12.3
2.94 8.03
-17.73 1.79
-2.53 -5.15
-1.35 12.58
12.55 -1.25
11.9 -7.75
9.3 -7.75
-6.29 8.03
3.72 6.99
3.85 4.78
5.01 -8.01
5.4 -9.7
13.2 -1.38
2.42 4.78
-3.31 -6.19
-16.17 3.74
-11.49 7.25
2.29 1.27
17.23 -1.38
4.88 -8.4
-11.88 5.95
2.68 7.64
-16.04 4.52
5.53 -10.22
-11.62 9.33
3.06 -10.22
0.6 5.56
5.02 1.01
-13.05 10.24
-6.03 13.36
0.6 6.73
0.34 9.98
-0.06 -8.53
2.81 3.22
-15 8.94
2.02 -9.57
3.71 -10.61
-3.43 12.19
-1.61 13.23
-2.91 7.77
5.15 4.78
-11.88 10.11
-0.58 -10.48
-6.43 -3.72
16.58 -4.37
12.16 -8.66
16.32 -2.55
-0.05 9.59
14.11 -3.07
-0.71 -11.78
-1.62 -9.18
-15.78 3.35
0.86 11.8
1.5 -9.18
-7.08 -3.85
2.42 2.83
1.63 -9.7
12.42 -3.46
-5.9 8.55
3.98 9.2
14.5 -7.88
-3.96 -5.93
-7.33 12.71
-6.03 12.84
-2.26 8.42
14.63 -2.16
1.12 7.64
-0.18 6.21
-0.97 -10.09
7.09 -13.73
-13.96 6.08
-0.05 11.41
14.11 -5.93
15.02 -2.94
14.89 -3.2
-10.58 6.73
-1.48 7.51
-13.31 8.81
-15.65 1.66
13.2 -7.62
-12.27 2.44
-6.16 10.76
7.1 3.35
-7.34 -3.33
7.22 -10.09
-5.9 10.63
-1.61 13.1
-16.17 2.7
3.07 10.76
4.23 -11.78
10.99 -9.44
1.9 6.6
4.5 4.65
6.31 -11.65
13.2 -6.84
14.24 -6.06
-3.7 -2.94
16.58 -4.5
3.06 -13.21
13.72 -10.61
13.2 -3.98
-9.54 8.81
-13.31 8.16
4.11 3.35
-16.56 6.47
5.28 3.74
-8.89 11.93
-3.57 -8.79
-9.8 7.12
11.51 -10.09
4.5 2.83
-11.88 4.13
2.67 -9.44
12.03 -8.4
-2.79 -3.85
12.68 -5.93
-2.66 -7.75
2.03 5.56
-5.26 -6.58
3.46 7.12
0.98 -11.65
-11.1 5.3
-4.08 8.68
8.65 -13.21
7.62 3.61
-11.23 10.24
5.79 -12.69
-0.05 12.58
-4.61 -5.28
11.12 -11
-11.49 11.28
1.51 5.04
-6.3 -6.58
-5.77 11.54
2.54 -13.6
7.61 -9.7
3.32 -12.04
4.49 -10.74
-17.47 3.87
4.62 -9.83
-0.57 11.54
5.79 -12.04
13.07 -1.38
-7.2 10.89
2.03 11.02
-3.82 12.32
-0.83 11.67
-5.26 -5.41
13.2 -6.19
2.67 -12.56
7.09 -11.39
8.65 -8.92
-0.31 8.81
-5.65 -8.4
-3.69 8.16
3.45 -10.74
-3.18 -7.1
-16.95 3.87
5.8 7.51
-14.48 4.39
-11.36 7.38
3.45 -12.69
-6.29 10.89
15.02 -1.12
-10.58 9.59
11.77 -11.78
-12.66 5.56
13.85 -1.25
0.59 -10.35
2.03 4.65
-3.95 13.1
-7.85 13.62
12.16 -4.63
14.63 -8.14
17.62 -3.2
-16.43 4.52
-12.92 5.43
-15.26 8.68
2.03 8.94
3.07 10.37
-1.23 -7.49
2.03 10.5
-16.04 1.79
-11.36 9.33
16.71 -5.8
-6.16 10.37
-13.18 5.82
-0.32 -10.35
16.32 -6.71
6.71 6.34
4.11 7.77
12.94 -3.2
-3.05 -5.28
13.33 -2.42
-13.83 8.03
-16.43 5.95
13.98 -9.31
4.11 8.29
-12.27 8.81
-1.62 -12.17
3.98 5.56
11.77 -11.26
-3.96 -4.5
1.38 8.16
-9.15 8.29
2.81 5.3
-5 -2.81
4.24 8.55
-12.14 11.54
8 -7.49
-4.99 8.03
-8.24 9.33
-2.53 -10.87
3.58 -8.27
0.98 -9.05
1.64 10.89
-0.7 6.6
-4.47 8.29
15.54 -4.24
0.59 -12.56
3.72 2.57
6.97 4.78
7.35 -11.91
4.5 8.42
4.49 -11.65
0.34 7.9
5.66 -10.09
-14.22 8.68
-5.25 8.81
13.07 -10.87
-12.66 1.27
-6.69 -3.59
-1.61 11.8
6.58 6.21
-0.05 8.42
4.1 -9.96
6.31 -11.39
-3.05 -4.89
-5.26 -5.28
-4.22 -4.76
5.41 6.6
-4.87 -2.55
13.98 -9.83
3.98 2.31
-3.7 -5.8
16.32 -3.72
16.19 -3.46
-0.7 12.32
14.5 -8.4
12.03 -8.27
-0.32 -5.8
-15.65 7.9
5.66 -13.47
9.43 -11.52
6.96 -9.44
0.98 -7.49
3.32 -13.73
-13.18 9.07
3.58 -12.69
12.42 -10.22
3.97 -11.26
7.87 -13.34
-12.4 11.28
2.94 4.65
15.15 -7.88
5.01 -8.14
-7.33 12.32
11.9 -10.61
-13.31 1.79
-5.78 -5.67
7.74 -11.39
-7.59 9.59
8 -9.18
9.04 -11.78
-3.82 9.46
-9.02 6.86
14.24 -1.64
3.98 8.68
-11.23 10.24
0.6 10.37
-1.48 9.59
2.15 -12.43
-5.12 10.11
10.47 -8.92
-3.18 -5.8
6.7 -9.96
9.95 -10.74
-4.61 -9.57
2.55 4.26
2.29 7.77
-2.14 -4.63
-12.01 6.08
-14.74 6.47
-15.91 6.08
4.63 6.73
-3.83 -4.11
-7.72 12.71
11.9 -9.44
-5.64 13.75
-0.18 10.11
4.89 6.21
3.97 -12.82
4.49 -8.79
0.08 9.2
1.5 -13.21
3.33 4
-11.36 7.38
1.64 4.91
5.27 -10.74
-7.72 12.84
2.94 3.48
9.04 -7.1
8.65 -10.48
4.23 -11.52
0.6 11.54
-2 9.85
-2.4 -9.05
-15.65 7.77
4.36 -12.69
-4.34 11.28
10.47 -5.41
4.75 -10.74
-8.63 11.15
-11.1 9.59
11.12 -4.63
-3.43 8.68
-13.44 7.64
-11.62 8.03
-1.74 11.93
13.2 -9.7
-3.04 8.81
16.06 -1.38
-16.95 4.78
2.28 -9.57
8.91 -10.61
3.97 -11.91
-14.22 9.98
3.59 2.96
-14.61 1.01
-9.93 12.19
-14.22 9.2
0.73 6.21
7.61 -10.61
-2.65 9.46
17.23 -1.12
-0.57 6.99
3.19 -8.53
-13.83 5.43
-3.57 -5.02
15.93 -1.51
-1.87 11.67
0.46 -7.36
-2.91 8.94
10.6 -9.18
16.32 -6.06
12.81 -2.55
2.28 -11.39
8.13 -10.35
3.07 6.47
13.2 -5.41
-16.56 1.01
-13.57 5.17
4.1 -9.7
-6.3 -6.97
15.67 -8.27
-0.05 7.64
11.64 -4.5
-6.56 -5.54
13.85 -3.46
-6.3 -3.2
-5.12 11.02
9.56 -12.17
-9.67 9.98
-8.63 12.84
10.21 -12.56
-0.58 -9.31
2.54 -11.39
-3.17 10.24
-7.2 9.33
13.72 -1.38
-3.7 -2.29
1.38 4.78
-14.22 7.38
9.56 -11.13
0.21 9.85
-2.4 -6.84
0.08 9.59
-14.74 5.69
-1.1 -6.19
-1.23 -11.39
-6.68 11.8
-17.34 4.52
3.98 10.11
-2.39 9.2
-5.26 -6.19
2.8 -11.91
0.72 -11
15.67 -2.03
6.44 -9.44
1.9 9.2
-6.95 -5.93
13.85 -1.64
-15 4.78
-10.84 7.12
-10.97 9.59
-0.57 8.68
-13.05 10.24
4.88 -11.13
-7.07 8.16
15.41 -4.76
8 -13.6
5.53 -13.08
2.68 8.55
-2.78 8.55
-3.31 -2.29
12.81 -10.61
11.25 -11.26
-10.45 8.29
8.52 -12.69
13.85 -9.96
3.98 4.65
10.34 -8.01
14.63 -6.45
-4.86 9.46
16.58 -5.28
9.17 -9.05
-0.58 -9.83
11.25 -6.06
13.98 -1.38
3.98 5.95
-5.65 -4.89
2.03 5.3
-5.26 -2.94
6.45 3.61
6.71 6.21
-3.57 -7.88
-1.74 11.8
10.47 -10.09
16.84 -5.8
2.03 5.95
8.91 -11.13
-3.57 -2.94
5.41 2.05
0.86 11.93
-1.74 8.42
-5.51 12.19
8.91 -8.79
-1.62 -7.36
-3.43 8.29
-1.75 -4.63
-4.35 -3.33
12.42 -2.55
4.89 5.82
15.67 -3.33
-5.78 -3.07
-1.87 8.03
11.51 -9.31
-12.53 8.55
-12.66 3.74
-3.56 9.98
-6.69 -6.19
6.71 1.27
2.16 7.12
-8.37 11.15
-9.54 11.02
-9.02 8.94
9.43 -9.7
-4.21 13.88
-0.19 -8.92
4.11 9.72
16.19 -2.81
-7.98 9.59
9.69 -9.44
4.1 -9.18
11.51 -9.96
-4.09 -7.36
8.26 -8.53
12.94 -4.11
-0.57 9.98
1.64 11.41
-11.23 11.67
-4.74 -3.33
-13.7 1.27
11.64 -9.44
2.81 6.99
-14.22 1.27
-14.35 7.38
-8.11 9.2
12.68 -9.31
1.24 -12.82
-13.05 1.01
3.71 -9.44
14.76 -7.49
5.54 4.39
-11.49 9.07
-4.35 -3.85
-9.67 11.28
12.55 -7.1
10.73 -9.57
3.98 2.44
5.02 1.66
-10.58 5.69
10.47 -9.57
-8.63 9.46
7.36 2.31
0.46 -9.83
-9.28 10.89
-4.73 8.81
13.2 -3.33
-3.05 -10.48
-13.7 8.55
-14.09 8.03
0.98 -13.08
4.36 -13.86
-3.3 9.72
-14.22 5.56
3.97 -9.96
-12.4 2.57
6.7 -10.35
4.88 -8.66
17.36 -2.29
3.98 5.69
-6.95 -3.33
13.33 -6.58
-11.36 4.13
-0.71 -7.88
-0.19 -8.79
-7.33 8.16
14.5 -7.75
13.59 -5.28
-6.29 9.85
12.94 -9.44
-5.9 8.16
-1.88 -7.75
8.78 -7.36
-2.53 -9.57
1.38 8.81
-4.86 9.33
0.33 -8.4
4.37 8.16
-16.56 5.3
10.47 -6.71
-2.79 -1.51
-10.32 5.69
-4.35 -8.01
12.29 -7.49
-8.76 8.16
13.72 -8.27
-1.22 6.99
-0.45 -7.23
4.75 -13.34
8.91 -11.26
-4.08 8.55
-11.1 11.28
6.05 -8.79
-14.61 1.27
8 -13.47
11.64 -9.18
5.14 -9.7
16.97 -5.02
5.54 8.29
-6.68 12.45
1.64 11.8
-15 6.86
4.23 -10.09
10.73 -6.58
12.81 -10.35
6.19 6.34
-2.92 -9.7
-11.75 8.55
-2.27 -11
-6.94 12.58
2.8 -8.27
12.16 -1.9
-12.53 1.01
1.51 3.61
1.51 7.38
-10.71 5.82
-2.53 -8.66
-10.45 8.03
-9.67 8.03
-15.91 3.35
3.2 1.79
7.88 1.66
4.11 1.14
5.02 2.44
-5.78 -6.84
15.28 -3.2
-3.18 -2.42
-1.88 -7.1
17.36 -3.59
8.13 -12.56
-12.4 4.39
-13.83 1.92
-5.51 8.94
-2.66 -9.96
4.23 -11.78
-3.44 -3.2
9.82 -7.1
6.96 -12.3
-15.78 2.83
15.41 -8.66
-3.44 -9.05
-15 5.04
11.77 -8.53
12.29 -5.8
10.73 -6.71
4.11 5.95
-12.66 1.27
15.28 -7.75
-3.05 -8.53
-11.49 6.47
-7.07 8.68
8.13 -13.21
6.7 -9.44
-1.88 -6.97
3.07 6.73
-0.58 -9.83
-2.79 -7.36
-6.81 10.24
0.99 6.08
-1.49 -4.63
0.2 -12.04
-15.52 4.26
-7.59 13.36
-13.83 5.04
-5.39 -8.01
-4.22 -5.67
-1.49 -7.75
-7.47 -4.63
-1.88 -5.28
7.1 2.18
-1.75 -6.97
4.11 4.65
-11.49 8.16
-10.32 7.51
-4.22 -9.96
11.25 -8.53
-4.21 9.85
2.03 2.05
13.98 -1.25
-4.6 12.32
-6.56 -5.02
-2.79 -4.76
-1.61 12.19
10.34 -10.48
-0.32 -10.61
3.72 8.55
1.89 -10.09
4.23 -8.92
-11.36 10.37
-2.53 -2.03
-12.27 1.79
5.41 3.87
-5.25 12.19
-1.35 10.89
-3.82 12.32
-0.05 8.55
-1.62 -6.45
-9.15 11.54
10.99 -10.35
-2.39 10.63
-0.45 -12.17
-6.17 -5.93
10.08 -6.71
2.03 5.56
-10.58 8.81
-13.44 1.92
0.99 9.33
5.4 -9.18
-3.7 -8.53
-4.99 9.85
-5.91 -8.01
1.38 5.82
-15.26 8.68
-4.6 12.32
-5.26 -8.53
-12.4 10.76
5.02 2.31
-9.93 12.19
4.1 -11.78
-14.87 3.22
13.59 -6.45
12.68 -5.41
6.19 2.18
-10.58 5.56
-2.01 -10.09
-15.78 3.09
4.49 -12.3
-17.6 1.79
-13.57 6.08
-0.57 7.77
5.53 -13.34
0.73 12.32
-1.61 7.25
8.52 -7.49
-10.97 6.08
-12.14 2.44
-4.61 -3.59
-17.73 2.57
-13.83 7.77
10.99 -6.06
12.81 -7.49
8.52 -7.23
11.9 -4.76
-12.79 8.42
15.93 -7.75
-16.69 2.44
1.25 5.82
-3.3 8.03
13.2 -4.37
2.03 4.39
-10.97 6.08
-7.85 9.33
10.47 -10.74
5.02 1.27
-14.48 1.53
2.03 11.41
4.76 6.99
-6.29 8.81
7.23 1.01
-15 6.47
16.71 -2.55
4.49 -11.52
4.1 -10.74
12.03 -7.75
1.64 8.81
2.68 1.27
3.72 5.43
-2.01 -10.09
8.26 -7.36
2.42 10.5
-13.83 4.52
-14.09 9.72
0.59 -9.18
5.53 -9.7
14.24 -2.03
2.42 8.68
-5.9 12.97
-1.49 -6.58
5.15 1.27
2.81 7.12
-13.96 6.73
-4.61 -6.06
-5.25 9.85
2.02 -11.26
16.71 -2.68
-7.72 11.41
-6.68 12.19
2.28 -12.3
13.2 -9.31
8.13 -12.82
-9.41 8.68
-0.45 -6.19
14.24 -3.07
1.5 -9.44
10.86 -12.04
15.67 -2.55
2.16 9.07
9.69 -9.96
4.24 3.22
12.55 -9.05
-8.11 12.32
-15.78 5.43
14.11 -4.63
8.52 -7.36
17.49 -3.33
-6.69 -1.77
-5.25 12.97
5.67 7.9
-1.88 -7.23
-10.97 8.16
6.19 5.95
-10.19 6.73
-13.18 6.73
-4.08 9.46
-3.05 -7.49
3.45 -8.92
5.8 4
-0.31 8.42
2.55 4.39
-10.58 12.71
12.94 -1.64
-12.79 9.85
0.34 10.76
10.34 -7.1
-12.27 8.55
1.77 5.3
-10.32 10.11
-1.48 7.51
9.95 -9.96
14.24 -1.12
-7.72 9.2
2.94 2.57
10.99 -6.97
-2.78 9.98
-7.2 9.07
-1.35 12.32
-5.64 13.49
-11.49 8.03
3.59 4.78
-10.71 5.95
9.82 -10.35
-17.34 3.22
-5.13 -2.94
-3.31 -3.72
8.52 -13.08
4.5 8.29
-1.09 10.89
5.53 -11.52
12.29 -8.01
-0.84 -8.92
5.79 -12.43
-5.38 9.46
-8.63 10.37
15.02 -6.71
0.98 -7.23
4.11 7.64
-2 11.93
-10.32 12.84
14.37 -5.41
-15.39 1.14
1.63 -12.56
-12.14 6.6
-1.88 -8.4
7.1 3.87
-17.47 1.92
17.49 -1.25
-6.42 13.1
-9.28 7.51
-2.91 8.03
3.32 -8.79
14.37 -6.32
10.34 -8.01
-15 5.95
10.47 -9.05
-4.34 12.58
0.2 -12.17
7.74 -11.91
13.46 -5.54
-0.45 -8.66
2.28 -9.96
-4.35 -7.36
-6.29 9.98
-10.32 12.84
1.77 3.09
-0.83 12.19
-6.17 -4.5
-0.05 11.02
-5.65 -6.58
-8.5 9.07
-12.14 1.53
5.92 -9.44
11.25 -7.1
-2.92 -8.92
-8.11 12.84
15.02 -2.16
-15.13 8.16
-3.95 8.81
1.64 4.39
2.54 -9.7
0.99 10.11
4.36 -11.26
-4.22 -3.59
3.59 5.95
-7.46 8.55
-1.62 -10.74
-14.87 6.99
1.37 -7.88
7.09 -7.88
-1.36 -11.65
-5.91 -1.25
-2.79 -9.18
3.59 7.38
4.49 -11.26
15.02 -4.24
-1.1 -10.09
4.37 4.26
-4.22 -2.55
14.37 -8.4
-2.65 10.89
-14.61 1.14
-2 13.23
-14.87 5.17
0.2 -11.39
-3.44 -8.79
-15.65 1.01
-15.13 6.6
5.8 7.51
6.32 1.53
13.07 -5.93
-1.36 -9.83
1.64 7.12
-4.73 9.59
-11.49 8.55
4.75 -9.18
-14.22 9.98
-3.43 10.89
3.2 5.69
13.33 -3.98
11.64 -12.04
6.83 -12.43
3.85 6.34
-2.92 -2.42
1.64 7.12
-0.84 -11
0.34 10.37
0.08 9.07
10.99 -6.97
-6.56 -1.51
-8.76 7.77
6.84 4.13
-0.31 9.46
-9.93 7.77
-6.42 13.49
-7.47 -1.51
2.55 9.72
6.19 5.82
-8.37 11.02
-9.41 11.41
9.56 -9.05
9.43 -8.01
3.71 -11.91
15.67 -8.01
16.06 -2.03
-6.17 -7.36
10.21 -8.66
-1.09 7.9
-9.67 12.71
-0.97 -10.09
16.19 -4.63
13.07 -2.68
8.26 -11.26
16.58 -6.19
-12.53 2.31
15.41 -3.2
-14.48 3.61
-8.37 12.45
14.11 -9.05
1.77 5.17
-1.74 10.89
15.67 -7.36
-9.8 10.11
11.12 -6.58
-3.83 -2.16
-13.57 6.34
-15.26 1.4
-15.91 7.9
-4.61 -5.8
-2 9.07
3.33 5.95
1.25 9.46
-4.08 11.67
-3.18 -10.48
-5 -6.32
6.71 4.65
-6.94 13.36
1.37 -9.83
-3.96 -3.33
-4.34 13.49
1.76 -10.35
12.55 -8.92
7.48 -8.4
-0.97 -5.28
2.81 8.94
-2.66 -9.05
-6.81 8.29
-4.86 13.75
0.86 10.63
-0.71 -10.35
-0.44 7.38
-2.65 12.84
4.63 3.09
12.16 -5.54
-6.04 -5.15
1.38 7.9
5.28 8.29
-0.71 -12.17
-8.11 10.89
9.95 -12.56
8.39 -12.95
-7.6 -3.98
1.76 -12.56
-15.65 6.47
4.63 9.72
-11.88 7.9
13.72 -3.98
-5.65 -5.02
-4.61 -1.77
-12.01 9.33
14.37 -6.19
5.28 4.52
-9.67 9.33
9.69 -12.04
-2.26 11.93
1.77 8.42
-0.71 -9.96
16.71 -3.33
-1.74 12.45
-12.01 11.8
-3.43 10.11
-2.4 -2.16
-11.62 5.17
-5.91 -5.41
-8.76 8.03
3.71 -13.73
-8.24 12.32
1.11 -12.56
-10.45 10.11
-3.7 -2.16
16.06 -6.58
1.9 10.24
9.43 -10.35
12.68 -11.39
-12.14 11.54
15.8 -7.49
-2.52 12.97
-0.18 6.6
-14.74 6.34
-0.83 9.72
-12.27 2.96
13.98 -8.01
-2.27 -2.42
6.71 2.83
-16.82 4.91
-3.96 -3.59
-10.97 10.24
-4.74 -8.53
5.53 -13.6
9.56 -6.58
1.37 -7.88
4.76 3.22
3.2 8.55
-14.87 1.92
2.54 -9.7
6.58 2.05
-0.06 -11.78
14.63 -2.03
-1.62 -10.35
-6.04 -4.24
-5.13 -4.63
-14.09 8.42
3.59 7.9
-7.2 10.37
15.02 -4.63
-3.83 -9.05
16.19 -7.49
7.35 -12.82
-2.65 8.16
-2.14 -3.07
-3.95 12.58
-1.88 -11.91
-7.08 -4.11
5.14 -12.56
14.76 -1.64
-6.43 -6.58
12.42 -9.44
-8.63 7.38
2.41 -8.79
-0.84 -12.56
1.12 4.52
6.45 3.22
-0.18 10.63
6.32 6.34
4.49 -13.86
2.41 -11.13
2.68 5.69
-4.6 11.02
1.11 -7.88
15.67 -6.45
13.33 -4.63
4.5 9.85
5.28 8.94
-2.01 -5.41
3.45 -8.66
13.59 -10.74
12.42 -5.02
8.13 -10.74
0.46 -7.36
2.15 -13.21
-14.35 8.81
12.03 -7.36
-12.14 2.44
13.98 -8.14
4.36 -9.44
-11.62 8.42
3.71 -8.53
-4.08 10.76
0.07 -12.3
15.28 -6.19
-0.19 -8.01
4.62 -9.05
-14.87 8.03
15.15 -3.46
-4.47 11.28
3.2 8.29
2.81 10.76
3.33 2.83
-11.49 7.9
-5.25 11.41
2.68 11.15
9.3 -9.05
-3.18 -8.14
2.93 -8.27
2.55 4.65
-4.35 -9.18
0.99 7.38
2.68 5.17
-4.22 -1.38
6.18 -11.91
0.99 5.69
-10.45 11.8
-14.48 5.17
-15.39 5.82
16.84 -4.5
-12.53 6.99
3.32 -8.14
13.59 -9.7
3.98 2.96
-8.63 7.25
17.88 -2.03
0.21 9.46
-16.17 5.04
16.71 -4.89
6.97 2.96
-0.7 12.19
1.37 -11
5.28 8.42
4.36 -11.26
-4.47 11.67
3.85 7.77
17.88 -2.42
-5.52 -4.76
6.96 -10.48
15.8 -6.84
0.73 7.38
-5.52 -3.2
-17.73 1.53
8.65 -7.62
-5.13 -8.92
10.86 -12.3
3.59 9.33
-13.18 8.29
-0.57 7.77
5.8 3.22
12.81 -3.59
0.72 -7.49
13.59 -2.81
-0.7 9.85
17.23 -4.76
-12.01 11.15
-15.78 8.16
14.24 -3.72
-3.7 -5.15
-5.9 13.88
15.93 -3.33
2.16 3.48
-3.57 -2.16
17.62 -2.42
-0.45 -9.18
3.06 -13.47
15.67 -6.45
-3.96 -8.01
-6.43 -4.11
2.55 7.9
-9.28 6.86
-2.27 -6.71
-6.16 9.72
-16.82 2.18
-15 8.55
4.75 -13.21
-15.91 3.35
-10.06 6.34
-4.35 -4.5
5.41 5.82
-8.5 10.89
0.86 9.46
4.49 -12.82
1.11 -10.87
-1.87 9.98
-13.7 7.12
-1.62 -5.8
12.42 -6.45
-0.31 10.76
-6.94 8.55
-11.88 4.78
12.03 -1.12
6.97 4
7.74 -8.66
0.08 7.64
-5 -1.77
-3.56 13.62
2.68 7.9
-2.53 -1.51
-4.34 12.58
5.92 -11.65
17.23 -3.98
1.9 3.09
15.28 -2.03
10.21 -10.35
-2 10.76
10.86 -9.57
4.37 1.66
8 -9.44
-4.99 11.67
-0.58 -9.96
-15.91 5.43
-5.64 8.94
7.74 -11.39
0.59 -12.43
-6.81 11.02
10.99 -7.62
10.73 -11.26
2.93 -8.14
2.29 5.82
3.84 -11.91
6.06 4.13
5.54 7.38
-6.68 12.71
-6.16 12.84
0.85 -7.88
9.04 -8.27
12.42 -2.68
9.3 -7.62
-1.74 12.45
0.72 -12.43
10.99 -5.02
6.58 1.01
-15.52 3.61
-2.01 -1.51
-0.19 -8.92
-3.69 12.58
-14.22 2.83
-1.35 11.54
-0.71 -6.84
1.76 -9.31
-15.52 5.69
-4.48 -9.31
-2.52 9.59
10.21 -7.36
12.16 -6.06
6.32 5.17
-4.86 9.46
-10.84 4.91
6.84 4.39
-17.34 4
-5.13 -3.98
-4.35 -7.36
2.8 -12.04
15.8 -2.55
-4.22 -6.71
15.67 -5.93
10.99 -7.36
-17.99 1.14
-12.79 9.85
0.07 -8.01
-2.4 -9.31
1.76 -10.22
-17.6 1.4
7.35 -12.04
15.54 -8.01
-10.84 6.86
-12.4 7.9
13.2 -5.15
-13.44 8.55
16.32 -6.32
13.46 -5.28
1.9 7.51
-7.2 9.33
0.98 -12.69
10.73 -9.57
-0.19 -6.06
2.16 8.55
-5.51 12.71
-3.96 -10.09
-15 8.68
5.93 6.86
10.34 -12.69
3.59 10.63
-3.44 -10.48
6.32 6.47
-0.83 9.85
0.46 -10.22
-12.66 9.2
-3.96 -5.67
4.11 7.38
4.23 -11.13
-7.46 13.1
-5.78 -7.88
-14.61 8.16
1.12 9.33
14.24 -8.14
10.47 -8.14
14.37 -2.42
-7.73 -2.42
-17.34 3.22
12.68 -2.81
3.06 -10.09
-5.78 -5.67
1.76 -9.18
12.03 -11.13
-1.62 -10.61
-9.28 7.25
7.61 -10.61
8.52 -13.47
-14.61 3.22
9.56 -10.35
-14.61 1.53
-3.44 -7.23
-2.66 -4.24
5.27 -8.01
-1.1 -10.22
0.2 -10.22
10.21 -6.97
6.97 4.91
2.93 -11.52
2.41 -8.79
10.47 -11
-11.62 5.04
12.81 -6.32
-6.55 8.42
4.5 6.86
6.19 5.04
-10.84 4.91
-6.3 -4.5
3.2 8.68
6.71 1.66
15.67 -5.41
-2.91 11.93
7.35 -12.56
4.11 8.42
-16.43 2.05
-12.92 1.14
-12.27 4.13
1.64 8.68
0.33 -11.65
2.68 5.17
-17.73 2.18
-0.58 -8.66
-5.52 -8.53
0.72 -9.18
-4.09 -9.83
-11.23 12.06
4.24 6.86
-6.29 9.72
1.11 -8.66
1.89 -8.14
-6.81 13.23
1.12 7.9
-3.04 10.11
3.32 -13.34
-6.04 -3.07
-14.61 6.99
-15.78 1.66
-5.26 -6.84
-4.99 9.85
-6.82 -3.07
-16.17 6.86
-4.87 -2.68
-2.01 -6.58
-14.35 9.98
-9.28 9.72
2.67 -12.3
-17.47 3.87
2.15 -9.18
1.37 -7.1
16.97 -1.51
10.34 -9.05
2.03 3.74
2.68 7.64
8.52 -10.48
1.11 -9.05
-4.35 -7.62
-6.04 -2.03
5.93 2.18
10.99 -8.4
-11.75 9.59
12.42 -11.26
-5.64 13.36
5.41 2.96
-0.19 -8.92
2.67 -10.48
-14.87 5.04
-14.87 1.4
-2 12.58
-0.31 8.81
-6.81 10.89
0.47 11.54
17.49 -3.85
13.33 -3.72
1.89 -8.92
1.12 5.69
-7.72 7.77
-5.77 8.94
-2.27 -3.98
13.07 -5.02
9.17 -10.48
13.85 -2.55
-14.48 1.53
-1.62 -5.54
-13.83 6.6
-12.01 11.41
-0.19 -7.49
-11.49 8.68
6.44 -9.7
5.53 -8.92
-10.19 8.29
3.33 9.46
2.81 1.14
1.9 8.68
-13.57 4.52
7.87 -8.01
-0.97 -5.15
0.07 -6.19
-2.79 -2.81
17.36 -4.11
-2.53 -10.09
-7.08 -5.8
-12.79 9.72
-2.78 13.23
-7.85 7.64
4.5 5.04
0.99 6.6
10.08 -11.39
10.08 -11.91
4.63 2.57
16.06 -3.46
1.51 10.5
0.85 -12.04
-3.56 9.85
0.33 -11
13.46 -9.44
3.33 2.57
15.8 -6.97
3.32 -8.4
-4.35 -9.05
-15.91 2.31
9.43 -9.31
3.07 4.65
4.89 4.52
3.2 6.21
-2.79 -1.25
11.12 -9.96
0.72 -9.57
-4.87 -8.53
2.55 8.68
-4.09 -3.07
-7.59 10.5
5.41 5.04
14.63 -1.64
7.1 3.87
12.42 -10.87
-3.95 11.54
-5.65 -5.41
-4.48 -4.89
-2.27 -6.19
7.36 4.65
2.81 7.51
6.32 1.53
-14.48 9.85
7.1 5.69
10.73 -7.1
-9.02 9.2
3.33 10.5
6.97 4.78
10.86 -11.39
1.64 6.34
-11.75 7.25
-1.62 -4.37
-12.14 11.54
-7.2 12.06
5.02 6.6
-14.74 8.68
-7.07 9.2
8.65 -10.87
-13.31 5.3
6.31 -9.18
-17.08 2.31
-3.69 13.49
-14.48 1.92
0.98 -9.18
2.94 5.17
-7.07 10.76
6.05 -10.22
12.55 -5.15
3.84 -11.39
6.84 4.78
3.72 7.51
14.89 -6.06
13.85 -4.11
5.53 -12.04
10.6 -8.53
-2.92 -2.68
6.06 3.35
-13.83 4.65
-11.75 9.2
0.21 9.72
5.4 -8.01
-5.13 -4.76
-2.92 -9.83
9.82 -12.17
2.54 -8.53
4.49 -11.65
-0.45 -12.43
-14.74 2.7
16.06 -3.07
-7.85 10.89
2.67 -7.62
2.54 -7.88
-2.79 -3.07
-7.85 7.9
-6.16 12.84
6.19 6.34
-4.6 11.67
-12.27 6.34
11.12 -4.89
-10.97 8.42
-8.89 12.84
16.71 -6.58
12.68 -9.7
-13.83 6.6
8.13 -10.74
-2.27 -8.4
-14.74 1.79
-4.74 -6.97
0.08 9.46
4.63 3.74
3.07 9.98
14.5 -9.44
13.72 -8.14
4.23 -8.4
-5 -2.29
3.32 -10.35
-1.36 -6.58
0.08 10.89
-1.23 -11
-2.52 8.94
12.94 -2.03
1.25 10.76
-12.4 2.96
14.37 -2.42
2.68 7.12
0.07 -6.06
-3.96 -3.59
1.51 7.51
-16.82 2.96
-7.72 9.85
0.07 -12.69
-2.65 12.71
-3.43 13.75
15.54 -7.1
4.63 3.22
-7.08 -4.11
3.97 -12.04
-17.34 1.4
11.38 -9.31
1.5 -13.34
-14.35 5.82
1.12 6.21
-10.19 9.72
16.19 -2.16
-12.4 5.69
12.81 -6.97
-1.23 -9.57
-5.26 -1.12
0.73 8.03
-16.69 6.21
-12.01 6.73
-7.59 12.06
-3.44 -4.24
0.47 10.5
-4.48 -8.4
3.58 -9.05
-11.1 9.46
8.52 -10.61
5.41 7.12
13.07 -4.24
-12.66 10.37
13.72 -8.79
0.85 -7.88
-14.74 1.4
-15 8.81
2.16 2.7
-2.79 -3.85
8.26 -8.01
12.94 -7.88
-2.66 -10.22
-2.01 -5.41
3.46 2.7
5.28 7.12
12.29 -7.23
-10.58 9.72
13.85 -9.96
9.69 -12.82
-4.48 -1.38
-10.97 6.6
1.51 6.73
-0.58 -11
12.29 -2.16
0.21 5.69
-3.05 -1.51
3.46 7.51
-13.05 5.3
5.54 4.39
-5.77 13.1
-9.67 13.1
-6.69 -1.25
-0.06 -11.39
3.46 5.04
-4.48 -8.27
-0.96 8.81
11.9 -10.09
4.75 -8.27
-3.96 -2.94
10.08 -9.83
5.41 5.69
-2.53 -6.06
-3.95 12.97
-5.9 12.84
11.77 -12.04
-15.78 1.66
-10.45 6.99
3.97 -8.53
15.93 -1.51
-3.7 -7.36
0.73 10.5
-13.44 4.13
16.19 -4.37
8.39 -8.01
-9.41 10.24
-9.28 13.23
-3.31 -8.53
-6.95 -5.02
-12.14 7.77
-2.53 -3.46
-14.22 1.4
2.55 9.72
-16.3 6.99
0.59 -11.65
-16.43 2.18
-4.47 8.42
-9.02 7.38
-4.09 -2.16
-12.27 5.82
8.78 -12.69
-3.44 -8.53
-6.68 11.93
12.03 -7.36
-12.01 1.53
-11.36 7.51
-6.3 -4.5
-1.36 -4.24
9.82 -9.57
4.76 4.65
-7.59 12.06
-5.38 12.19
16.58 -1.64
3.71 -8.79
-2.14 -6.71
2.8 -13.73
-0.32 -6.45
3.07 5.95
-13.83 1.27
-16.04 4.26
0.33 -6.58
2.81 1.79
3.07 2.96
-0.84 -8.01
17.49 -3.33
-12.14 2.31
-9.41 6.6
-12.01 6.6
8.52 -7.23
14.5 -2.29
-13.57 10.11
16.06 -5.28
-2.65 13.49
15.28 -7.36
-7.34 -2.55
-6.94 9.72
15.28 -4.11
15.67 -6.45
5.4 -11.13
3.19 -10.35
7.75 2.7
4.89 5.56
15.41 -3.85
14.24 -1.25
-8.24 7.51
5.14 -9.18
-7.98 12.32
-14.61 8.42
-15.91 2.83
9.69 -11.52
15.93 -1.77
-5.25 8.16
-0.58 -8.14
-4.47 12.97
0.99 4.91
1.38 9.07
2.81 1.4
-1.75 -8.27
4.63 5.82
-6.04 -4.5
10.99 -10.61
11.64 -10.87
5.8 6.6
-8.5 8.68
4.1 -13.47
-5.91 -1.77
5.54 3.09
1.51 4.13
-5.51 8.81
-13.57 9.46
7.35 -12.69
-11.1 5.69
0.07 -12.43
-8.63 9.46
-0.31 9.85
-2.79 -4.11
13.07 -1.77
-7.72 10.5
13.72 -5.28
6.45 4.91
-0.06 -8.66
-2.14 -10.74
4.62 -13.6
-1.22 9.98
-6.29 13.62
-16.95 5.17
12.81 -6.19
4.36 -8.79
-3.7 -8.27
6.57 -13.34
9.69 -8.27
2.94 10.63
-3.96 -2.29
-3.95 12.19
-10.19 9.46
1.11 -8.14
-6.69 -2.55
-12.01 3.87
-2.14 -3.59
17.88 -2.03
15.54 -2.68
3.45 -12.69
6.06 7.12
0.72 -6.71
-15.26 5.82
-16.04 2.96
-0.58 -9.05
12.94 -5.28
-7.85 8.68
-2.92 -2.03
3.85 10.37
15.41 -6.71
7.36 1.27
-0.97 -11.39
12.42 -5.93
3.72 10.37
13.07 -2.29
-7.86 -2.55
-2.91 13.1
15.54 -3.07
3.46 8.94
-17.47 4.26
1.24 -6.97
5.8 6.34
-12.4 11.15
15.67 -8.14
0.72 -7.49
-3.05 -7.75
-0.57 8.16
2.94 11.15
-7.46 11.41
14.63 -9.18
4.49 -13.6
-10.45 9.07
16.71 -2.94
-14.61 8.68
-4.6 8.81
-17.47 3.87
14.11 -1.51
17.62 -3.2
9.95 -10.35
-3.82 13.23
13.2 -4.76
17.49 -4.5
16.32 -1.38
-12.27 5.82
15.41 -4.76
4.23 -9.57
-6.17 -3.98
-14.35 4
16.58 -2.68
14.89 -3.07
2.42 1.92
4.89 6.47
3.71 -8.79
-7.21 -4.76
3.59 5.95
-10.71 11.41
13.72 -9.31
-5.77 8.55
17.23 -2.55
17.36 -4.24
15.15 -2.55
6.97 4.91
-9.8 11.54
-6.69 -2.81
16.58 -5.41
-14.35 8.42
6.96 -11.78
-4.34 13.49
13.33 -7.1
-8.63 9.07
3.06 -10.74
15.02 -3.85
2.42 6.86
2.94 8.16
-5.39 -3.98
-6.29 11.67
6.32 5.95
3.97 -11.52
0.34 11.02
-13.83 5.69
-4.35 -6.58
13.85 -1.77
-10.58 9.33
1.9 5.56
7.48 -10.61
-12.79 6.99
-0.06 -7.23
-16.43 6.73
7.35 -12.69
-12.14 6.99
4.49 -11.39
-1.36 -5.67
-7.73 -2.94
9.17 -12.04
-4.09 -4.63
3.2 7.25
-7.33 8.81
-12.01 1.14
0.86 6.47
1.5 -12.69
3.06 -9.31
-12.01 6.08
-12.4 7.25
-3.57 -1.12
4.24 4.65
3.45 -12.69
5.92 -9.57
-12.27 2.57
1.5 -13.21
-5.13 -7.62
3.59 5.95
-3.82 8.03
-10.32 5.82
4.76 4.78
-3.7 -1.9
0.72 -8.79
12.16 -2.03
-13.7 7.12
-14.61 1.4
0.85 -9.7
-3.17 9.59
1.37 -11.13
-4.73 13.88
-6.03 10.24
-1.35 12.84
3.84 -9.44
-13.44 9.85
-3.05 -5.15
4.37 5.69
-1.49 -10.61
11.12 -10.35
10.6 -7.49
7.09 -9.44
5.15 2.57
2.54 -11.13
-13.57 7.25
-13.05 8.55
2.93 -8.79
5.93 1.27
15.67 -2.94
-12.27 2.44
-2.78 10.11
7.75 1.27
3.58 -8.79
-6.17 -5.15
11.9 -8.01
-5.39 -5.15
-14.48 4
-11.36 9.2
-1.75 -5.54
-4.61 -1.9
14.89 -1.64
-9.8 11.93
0.33 -12.3
-13.05 5.04
14.24 -8.14
17.49 -4.11
-2.27 -10.09
-6.17 -5.67
-1.49 -7.1
1.76 -10.22
4.89 4.52
-3.43 13.1
-5.65 -2.29
6.19 1.14
-0.7 6.86
-1.62 -6.71
10.6 -8.14
-6.94 12.32
-4.48 -7.36
-1.36 -10.09
16.19 -4.89
12.94 -9.31
-6.29 12.19
-4.86 8.29
-3.95 12.19
15.93 -2.81
-7.2 12.32
-15.65 4.65
-7.07 8.55
-1.88 -9.57
-3.17 8.81
-6.56 -5.54
12.29 -5.67
-1.61 13.49
-14.35 2.57
2.93 -8.01
-7.21 -5.41
-2.26 9.98
9.04 -10.22
-13.7 1.53
-2.01 -9.44
5.8 2.05
6.18 -12.56
-15.26 5.17
17.62 -2.55
-3.04 12.58
0.34 7.25
-0.44 11.02
-16.04 3.48
-1.61 12.58
-10.58 10.5
-0.83 10.37
13.07 -10.61
1.5 -13.08
7.22 -12.95
6.06 5.3
2.28 -11
2.94 2.83
-7.33 10.11
-8.76 9.59
0.86 4.91
15.15 -4.63
-12.14 11.54
2.68 8.68
13.59 -4.11
0.86 7.64
9.95 -6.71
-5.9 8.94
14.63 -7.62
14.11 -4.63
5.28 3.74
11.38 -11.26
-1.09 9.85
13.33 -2.42
1.77 5.04
13.59 -1.38
1.63 -12.82
-11.49 9.33
-5.78 -1.51
-7.85 12.97
-15.91 4.26
-1.22 10.63
-15.39 5.82
5.28 1.27
-14.48 8.55
-0.32 -6.06
-3.18 -2.94
15.93 -3.59
-13.83 4.78
-4.08 10.37
14.89 -9.31
0.99 7.25
14.63 -3.98
-1.36 -9.96
5.66 -13.34
-16.17 6.47
-2.53 -9.31
15.67 -8.27
-3.56 9.85
8.91 -8.92
12.29 -4.11
6.45 4.91
9.95 -6.32
2.41 -8.4
-5.91 -8.01
16.06 -6.32
14.24 -9.05
-6.42 11.93
16.84 -6.19
6.84 2.31
-3.04 13.1
0.73 7.51
-3.3 13.88
9.04 -9.83
10.47 -11.39
13.85 -2.16
14.37 -4.63
-15.65 3.09
-0.7 10.63
-1.88 -4.11
-13.31 3.87
9.3 -10.61
-6.81 9.2
-6.68 11.67
-0.57 10.63
-0.84 -11.78
2.55 7.38
-13.05 4.52
-12.79 9.07
11.64 -6.32
16.06 -3.85
12.81 -11.13
15.41 -2.94
-15.39 4
-15.52 1.79
8 -12.95
-14.87 2.7
1.89 -9.05
8 -12.3
-13.44 5.69
2.54 -9.44
14.76 -3.59
-0.96 8.16
-15 5.82
7.87 -8.01
0.2 -6.19
-11.75 6.08
3.72 4
2.55 6.21
-2.79 -8.92
7.87 -9.18
-12.27 3.87
-14.48 2.7
7.1 1.27
6.44 -10.74
-3.56 10.63
-13.05 2.44
-3.3 8.42
6.31 -13.47
15.93 -2.94
14.24 -6.71
10.73 -8.01
0.6 10.24
-16.82 6.08
-1.1 -9.05
-6.29 9.33
-15.91 8.03
3.2 1.01
-2.14 -3.07
-2.13 7.64
13.07 -1.9
-10.97 10.24
-3.83 -1.12
6.44 -9.18
2.03 1.79
6.05 -8.14
-3.43 10.5
-14.74 4.65
5.53 -9.44
16.58 -5.54
4.5 1.14
-0.97 -5.8
3.98 9.2
-7.34 -3.46
-6.55 8.68
-2.92 -5.8
-2.14 -9.31
4.63 6.99
-8.76 13.23
-9.15 8.03
-0.84 -11
-0.58 -5.93
5.02 6.34
-6.43 -5.41
5.41 6.08
5.8 3.09
-5.77 11.54
-4.34 11.93
-5.91 -3.72
-4.74 -1.51
-11.49 8.68
-3.05 -6.45
15.67 -1.64
-8.63 9.59
1.63 -7.49
-9.15 8.68
2.54 -8.4
-11.23 9.33
9.04 -10.22
-16.43 3.87
1.37 -11.91
9.43 -9.57
1.37 -12.04
11.77 -9.96
11.12 -6.06
4.36 -10.09
-14.09 6.99
-2.4 -8.79
-3.7 -7.49
-13.7 10.37
-4.74 -5.54
-4.09 -4.63
-6.29 10.5
-3.31 -1.77
16.19 -5.02
0.73 6.73
-17.21 4.78
0.85 -7.62
-2.92 -10.35
-12.14 9.85
1.11 -10.35
6.97 3.35
-1.09 8.94
-5.65 -3.2
2.55 5.43
-3.3 10.63
-11.1 5.43
14.89 -2.03
13.07 -4.76
-11.62 8.81
16.84 -4.63
6.05 -12.3
9.43 -9.05
1.5 -9.18
-13.05 1.53
15.8 -5.28
-8.37 7.64
6.84 6.08
8.39 -8.14
3.58 -9.31
7.49 3.09
3.2 5.69
-15 2.44
-6.04 -4.76
-8.5 8.03
-10.06 9.72
-17.21 1.4
-2.92 -1.25
-4.21 12.58
-7.72 11.67
12.94 -3.2
6.32 2.05
-16.56 4.78
1.89 -13.34
14.5 -9.7
3.32 -9.96
4.63 3.48
3.32 -11.65
3.72 9.72
1.77 10.37
-7.21 -5.02
8.52 -8.53
-14.48 6.21
-7.07 7.9
-10.19 10.37
-2 11.28
11.64 -5.54
-6.94 8.03
12.94 -6.32
-4.22 -5.28
-11.62 3.35
1.51 7.51
2.67 -9.7
0.99 9.2
-11.36 9.72
5.14 -9.83
-3.44 -8.27
3.07 6.08
16.32 -2.94
0.98 -10.09
6.31 -12.04
-15.78 6.21
8.65 -11.52
13.98 -10.35
-13.83 2.31
-9.54 6.99
-3.96 -4.89
-3.57 -4.24
4.63 3.48
15.67 -2.81
-14.48 1.53
-15.65 2.57
-6.03 9.98
11.77 -4.11
2.54 -10.09
-1.61 11.41
0.72 -12.43
14.63 -7.62
0.47 5.95
-9.93 9.72
0.33 -12.17
-2.4 -1.64
15.93 -5.41
-7.59 8.42
-15 5.69
3.46 1.53
7.35 -8.4
-6.94 12.06
-0.71 -12.56
6.19 1.92
-3.17 12.19
12.29 -3.72
-5.26 -4.37
11.38 -9.18
3.06 -10.87
-6.16 10.24
-3.95 13.75
10.08 -8.01
-0.58 -6.97
8 -7.88
-15.78 3.74
-12.92 9.46
13.72 -2.03
0.33 -12.69
12.42 -10.22
-8.24 9.59
-3.44 -6.32
2.94 2.96
-0.84 -10.48
-1.36 -11.13
0.6 9.2
1.9 5.43
1.51 4.13
-5 -6.32
-14.61 6.34
-3.69 12.32
-0.58 -12.17
-12.66 2.44
-3.05 -8.27
9.3 -11.65
0.46 -10.35
-0.7 10.24
13.2 -6.06
-2.4 -1.77
-7.34 -3.85
13.72 -6.19
2.93 -12.56
-8.24 11.93
-3.44 -8.01
-15.78 1.14
-2.53 -9.31
-5.77 13.62
-1.23 -12.3
-10.58 9.72
12.55 -6.32
10.73 -8.53
-15.13 5.56
-7.6 -1.25
-13.7 7.64
10.99 -11.52
-10.84 5.3
0.99 10.89
4.75 -12.69
-0.32 -6.97
-1.09 10.89
-13.96 9.2
17.62 -3.33
16.71 -5.28
-2 12.06
11.12 -7.62
-14.35 8.81
-15.39 7.12
-1.23 -11.78
5.54 4.13
-13.05 4.13
10.6 -9.44
10.47 -11.52
-5.39 -3.07
7.1 3.48
-6.94 10.5
2.28 -11.65
-7.2 9.72
-15.26 1.01
13.46 -1.77
-12.79 9.98
-9.67 10.5
-5.38 12.58
-0.18 12.84
-16.95 2.18
15.28 -5.67
17.23 -2.29
13.59 -5.02
15.8 -3.2
3.2 10.76
-1.23 -10.48
-7.46 13.75
3.19 -11.65
16.71 -1.77
-1.88 -6.19
-2.39 8.42
15.67 -7.36
3.46 9.85
-3.18 -10.09
3.59 7.9
0.85 -12.17
15.93 -1.64
-11.88 10.63
-3.43 9.46
0.6 8.68
-11.75 5.17
0.34 9.72
-3.18 -1.25
-0.18 10.11
5.93 2.31
-9.67 9.85
15.93 -5.02
-15.78 2.05
-1.23 -6.71
-5.52 -3.85
7.87 -10.87
-3.44 -6.45
-4.48 -8.4
7.09 -12.56
-8.63 11.02
-14.22 4.65
3.71 -9.7
-0.31 11.02
-4.73 8.42
12.81 -3.46
1.38 7.51
12.81 -3.2
7.48 -11.39
-10.71 7.9
-10.84 8.94
10.47 -11.91
-12.27 5.04
2.16 3.87
-13.31 1.79
0.46 -10.48
17.88 -2.42
0.99 8.42
-9.54 11.67
3.72 2.31
-16.04 2.96
15.41 -4.76
-2.92 -4.5
-1.1 -12.43
-5.26 -2.81
1.38 10.37
8.91 -12.95
5.41 7.12
2.03 2.31
5.15 1.66
-6.94 13.1
-5.39 -5.54
-5.91 -7.75
3.97 -13.08
12.03 -5.02
3.97 -13.08
-2.14 -10.09
-13.05 10.5
15.54 -6.58
-5.52 -4.11
-11.36 5.3
-2.53 -4.11
0.47 11.8
6.05 -9.96
-2.66 -11
7.35 -12.17
11.38 -6.58
-6.55 12.32
-7.08 -5.54
-12.27 8.03
-7.98 8.94
-2.14 -10.61
13.72 -7.62
-14.74 6.08
-0.32 -10.35
-9.28 13.23
-10.97 8.29
15.54 -6.06
-5.26 -1.9
-1.88 -11
11.77 -3.98
10.08 -6.58
12.81 -5.41
5.8 2.05
0.07 -8.53
-13.18 6.6
-6.81 10.11
12.29 -6.32
9.56 -10.09
16.45 -4.63
0.73 6.08
-11.75 7.77
5.93 3.61
-13.7 6.21
15.41 -1.38
2.94 6.08
2.03 11.41
-11.1 8.16
-6.82 -2.55
12.81 -7.23
-0.97 -5.93
-4.35 -8.14
-2.66 -5.41
-4.08 13.36
-1.1 -12.3
14.76 -5.67
13.46 -1.38
-2.52 10.24
-11.23 4.65
-6.56 -4.76
-8.5 10.24
-6.68 11.41
-15.39 2.18
-12.14 11.8
16.32 -6.06
-13.96 7.9
2.55 7.51
1.89 -12.69
-3.96 -2.68
-3.7 -6.71
-16.69 2.05
7.48 -10.61
-11.75 10.37
-4.74 -2.03
-16.04 1.01
-9.67 8.16
6.7 -7.88
-0.19 -11
1.51 5.69
6.19 5.3
-0.96 9.33
-7.59 8.81
-17.47 1.66
9.95 -11.39
-3.43 8.16
-1.48 11.02
-2 12.32
-3.44 -2.81
4.88 -11.65
7.09 -9.31
7.49 2.05
-2.39 12.97
2.94 1.27
-12.92 9.07
11.38 -8.27
-16.43 2.05
-5 -7.88
17.88 -1.77
-3.7 -5.28
-1.09 12.06
7.62 2.7
-16.82 2.44
13.72 -7.75
-8.5 10.63
1.76 -8.79
15.02 -6.84
-3.18 -4.76
-13.31 5.95
-5.38 10.24
-13.44 3.87
-5.38 13.62
4.24 5.17
3.33 6.73
3.07 4.13
-9.02 12.58
3.33 2.05
-3.04 11.93
-7.33 11.8
16.32 -2.81
14.11 -9.31
-10.45 8.42
2.68 8.16
14.76 -3.98
-5.13 -6.84
-6.04 -2.16
1.63 -11.52
8.65 -8.92
-16.56 5.43
-2.78 11.41
9.17 -8.79
9.3 -10.22
3.33 1.92
4.89 5.82
14.89 -9.31
6.84 3.74
-1.1 -12.3
11.25 -11.26
2.16 6.99
-14.22 5.56
-1.74 13.1
-11.88 9.72
-4.87 -6.97
-1.48 12.71
-8.24 11.41
12.16 -10.87
-17.73 2.44
-2.13 7.64
0.21 6.86
3.84 -13.21
-2.91 9.85
-3.95 13.88
7.61 -7.62
-15.91 3.61
14.11 -8.27
6.58 6.47
14.11 -1.25
2.03 11.54
3.46 6.21
10.08 -6.71
-7.85 9.07
-8.89 11.28
-2.79 -2.29
-3.57 -10.22
-3.83 -8.79
3.19 -13.73
9.95 -8.66
-3.05 -4.24
-15.13 8.29
13.72 -7.23
15.67 -6.32
-10.19 6.99
4.49 -10.09
-1.22 9.59
2.94 9.98
17.23 -3.98
14.76 -5.02
-14.74 4.13
15.8 -5.93
5.66 -13.21
9.17 -12.82
6.84 1.14
0.99 7.77
-8.76 8.03
11.12 -11.13
-10.32 12.45
-16.56 5.95
12.68 -10.61
-0.44 11.93
11.64 -7.75
-2.27 -9.44
-0.45 -11.78
-6.04 -7.62
-2.65 8.94
2.03 6.34
13.2 -6.06
-11.62 7.64
-5.38 11.02
-11.23 8.94
-1.23 -5.28
5.41 3.22
0.33 -7.88
-17.73 2.18
5.41 1.53
-3.7 -1.12
-14.22 1.01
-1.49 -5.28
-2.78 8.03
-3.04 8.03
-2.26 9.59
-2.39 11.67
-2.4 -2.29
-11.23 11.41
15.54 -3.46
-7.59 11.93
-4.86 13.62
1.24 -7.1
6.31 -12.3
-0.83 12.32
-1.35 8.81
-2 12.19
-16.43 2.83
2.94 8.68
11.25 -12.17
-11.88 10.24
-4.47 12.97
-0.58 -12.17
-7.86 -2.03
1.24 -8.01
-0.19 -7.49
11.25 -6.19
-15.78 2.57
-6.04 -3.72
9.56 -9.31
-13.05 5.95
9.95 -11.13
14.11 -7.49
-11.23 6.34
-2.53 -10.61
6.96 -13.21
-5.38 9.72
-8.24 7.9
-2.4 -3.2
-13.18 5.3
5.66 -13.08
-6.17 -1.12
-3.44 -2.81
-14.87 1.4
-6.03 10.76
6.83 -8.14
5.28 1.53
9.04 -9.31
9.43 -7.1
5.79 -13.86
-1.35 7.51
-1.35 11.02
3.84 -11
-11.23 9.85
3.98 4
12.94 -9.44
5.02 8.16
-16.95 4.13
-14.87 8.16
-8.76 7.77
-1.09 7.38
4.11 8.68
-4.61 -2.16
-5.77 11.54
-8.5 9.33
-2.27 -9.7
-6.42 12.19
-13.83 5.95
2.41 -8.53
1.51 4.52
-16.69 3.74
3.19 -9.31
3.33 5.95
-2.52 11.28
4.76 3.09
2.03 2.31
16.71 -5.02
11.64 -4.89
0.33 -7.23
-1.74 12.97
7.48 -9.7
5.14 -13.21
-14.48 9.85
-4.08 8.03
14.11 -2.29
-5.26 -4.11
-6.3 -5.67
15.8 -2.16
10.6 -11.39
-6.81 9.33
3.97 -11.91
5.27 -13.99
4.24 5.95
-4.87 -1.9
7.87 -10.22
4.89 7.51
4.37 4.65
10.73 -5.67
-14.35 7.9
14.63 -1.12
-8.76 9.72
-4.86 10.63
-7.98 8.29
-12.14 4
11.77 -10.22
2.42 1.27
-16.3 1.27
-7.08 -2.16
15.02 -6.19
-5.78 -6.97
-15.91 6.6
-17.21 2.44
-3.57 -1.25
-1.48 13.1
13.59 -3.07
-11.88 5.04
9.95 -12.17
-10.45 10.24
-3.7 -5.15
-6.55 12.97
12.68 -5.54
-11.1 10.89
1.37 -11.26
1.24 -10.09
-13.57 3.35
3.59 8.55
-6.95 -1.9
-4.6 10.63
-1.09 7.51
-2.91 11.8
-2.4 -8.53
-15.65 1.66
3.07 1.4
-5.26 -2.03
5.92 -10.09
9.82 -12.69
12.29 -5.28
9.69 -10.22
-12.01 1.27
2.29 7.77
11.12 -8.14
5.66 -13.08
-6.16 9.46
0.85 -11.78
-5 -7.88
-8.76 11.41
13.46 -8.79
-4.87 -2.03
-1.36 -6.97
17.36 -2.68
-1.22 7.51
-1.35 12.84
-16.56 1.53
14.24 -3.85
-6.56 -2.55
1.24 -11.52
-7.46 12.06
-10.19 12.58
-12.4 5.43
-1.1 -12.17
-4.86 10.76
1.51 11.54
-2.65 9.07
1.38 9.98
12.81 -4.76
-16.69 3.22
-0.45 -5.8
-9.8 11.93
-13.96 9.59
3.46 7.51
2.41 -13.6
-0.45 -10.22
-1.87 10.76
1.38 4.13
-0.84 -6.06
-6.55 12.97
-6.94 9.07
-13.96 4.39
3.97 -12.04
-7.86 -1.64
3.2 9.72
-6.42 12.84
-3.05 -7.62
-0.96 7.38
3.2 2.7
1.76 -12.3
-1.61 9.72
-4.35 -2.29
4.11 2.18
-7.46 8.29
-9.15 9.85
-16.17 2.83
3.85 7.9
7.62 2.44
-4.99 8.94
-1.36 -6.45
-11.36 6.34
-17.6 1.4
-2.27 -10.87
-2.52 8.42
-5 -8.4
-2.92 -2.55
1.89 -9.18
5.41 4.65
3.71 -9.7
-12.66 6.34
4.89 5.3
6.45 1.4
4.88 -10.48
4.11 7.77
-3.57 -8.01
0.34 12.06
6.7 -12.69
2.16 8.03
-4.47 13.75
-12.01 6.08
-2.79 -1.12
-0.44 7.9
-2.27 -6.58
-0.45 -10.09
-4.6 13.88
15.28 -3.33
-14.35 4.39
15.41 -5.28
-1.49 -4.5
6.58 5.82
-5.91 -7.62
-3.83 -3.72
-0.83 11.93
-3.95 13.62
-14.74 6.21
-2.92 -4.24
-16.43 6.73
3.46 8.55
-0.83 11.54
-7.08 -4.63
13.46 -9.96
14.24 -5.67
5.27 -8.4
-1.1 -5.28
3.2 6.34
14.89 -1.51
-2.13 11.93
7.61 -8.79
-2.52 8.81
-16.95 4.65
5.8 3.09
-8.76 12.45
-5.77 10.5
5.8 7.25
3.59 8.29
12.55 -10.74
-13.7 9.2
2.02 -8.66
-12.4 6.86
11.51 -10.61
3.59 2.05
-6.95 -2.16
-10.06 10.63
-11.88 8.94
-1.48 7.51
4.62 -12.69
16.45 -5.15
-10.06 9.46
0.73 10.76
16.06 -5.93
-3.44 -3.07
13.33 -8.4
15.02 -4.37
4.89 5.95
-9.28 9.2
10.86 -6.84
1.37 -8.14
-3.3 13.36
0.73 7.38
10.73 -6.97
-10.71 8.42
-3.44 -9.83
-12.92 10.63
11.77 -5.8
-15.52 5.95
-1.62 -10.22
4.24 9.2
4.89 2.96
0.33 -6.84
4.89 8.81
-0.06 -5.93
-4.61 -8.66
-3.05 -3.33
6.96 -12.17
11.12 -9.44
-3.96 -1.12
4.88 -13.6
6.58 1.01
-16.04 2.57
-4.35 -9.96
3.72 8.29
-5.25 11.93
3.19 -12.3
-5 -1.25
11.38 -4.5
-6.82 -2.16
4.5 6.86
-0.58 -9.83
0.34 9.33
8.13 -8.4
15.93 -4.24
14.5 -7.36
-6.3 -4.24
-8.11 10.76
-13.83 3.48
2.68 3.48
11.77 -3.72
-11.49 11.8
5.53 -9.57
-0.18 8.55
-11.36 8.55
-8.5 9.33
9.56 -8.01
8.13 -10.74
1.9 4
-7.98 11.28
5.79 -11.91
9.82 -10.22
-6.43 -3.2
3.46 4.13
-10.84 11.02
-2.66 -4.76
-0.06 -12.17
-7.73 -2.29
17.1 -2.42
17.62 -1.38
-12.92 8.94
-0.7 12.19
-2.27 -10.09
12.03 -10.48
3.46 5.17
-5.51 11.15
10.99 -7.49
-15.39 6.21
-6.55 8.94
-13.96 4.13
-4.35 -4.76
-13.18 8.94
-6.82 -3.46
0.6 11.54
-2.53 -1.38
-16.95 5.3
0.46 -11.65
5.4 -12.43
-5.39 -4.24
5.53 -12.17
3.58 -9.18
-15.13 4.91
6.18 -10.09
-4.74 -2.42
-2.4 -2.42
-15 3.35
14.89 -8.79
3.45 -9.96
-14.48 7.25
4.62 -13.86
1.51 6.08
5.41 5.04
2.67 -9.31
8.26 -10.09
11.25 -12.04
0.34 12.45
17.75 -1.38
-1.75 -6.71
12.55 -4.24
12.29 -6.84
-4.35 -9.57
-4.6 11.15
-1.74 11.54
-3.43 13.75
-12.66 1.66
-13.57 4
1.9 11.41
13.33 -7.1
11.12 -6.58
17.1 -1.38
-5.26 -5.93
-1.62 -10.87
-13.31 3.87
7.62 3.22
2.42 1.27
-12.01 2.57
15.02 -5.02
-6.04 -1.38
16.71 -3.72
1.38 6.47
17.1 -3.07
16.97 -1.9
12.42 -6.71
0.6 5.43
-10.58 9.72
15.28 -7.36
-11.36 10.89
-12.01 6.08
-3.57 -9.05
-14.35 6.34
-4.48 -3.59
-3.7 -6.32
-14.35 1.01
6.06 4.91
-12.14 1.14
-7.46 11.02
-2.27 -5.93
7.35 -7.88
6.06 6.99
-1.48 10.24
-3.57 -10.74
2.67 -12.17
-4.22 -2.29
-14.74 1.27
0.86 10.37
-6.29 11.28
-2.66 -11.39
-0.57 11.15
7.35 -12.3
11.38 -4.24
3.98 5.69
-1.23 -7.36
1.51 4.78
17.75 -3.07
-10.45 7.64
-4.86 12.71
13.2 -9.57
15.15 -5.67
-2.26 10.24
1.38 8.03
-5.39 -7.36
-12.79 5.82
-3.17 12.71
-15.13 1.66
4.11 7.25
-4.34 11.41
-11.23 8.55
-16.69 6.08
-9.8 8.81
-2.14 -3.07
-8.5 7.51
13.33 -5.41
-6.95 -6.06
-0.31 11.15
6.44 -12.17
3.85 6.73
-7.34 -4.89
8.52 -13.08
6.97 1.27
10.6 -9.83
-0.7 7.77
2.67 -13.08
4.5 3.48
-14.48 5.56
-6.94 13.36
-3.83 -2.29
-9.41 11.93
-10.58 11.28
16.19 -7.23
-4.48 -4.11
8.91 -11.39
15.28 -4.5
-1.23 -5.67
15.02 -1.38
9.43 -12.43
12.42 -10.09
5.41 1.27
-4.99 13.75
-6.81 8.55
15.15 -2.68
-12.01 4.13
-1.88 -7.49
5.02 6.99
0.08 7.51
9.04 -12.82
-6.82 -5.8
-3.18 -5.41
5.02 7.38
8.26 -8.53
-2.66 -5.41
11.64 -11.65
-6.43 -2.29
13.85 -1.64
-11.23 4.78
2.55 9.2
6.7 -12.69
-13.96 10.11
-2.14 -5.8
-13.7 6.34
-12.92 7.9
16.45 -2.16
-2.52 9.85
-3.31 -3.07
2.42 1.14
16.32 -3.2
-3.31 -7.49
-14.87 9.46
5.92 -9.18
13.2 -7.88
-14.87 2.83
5.28 2.7
6.71 3.22
-6.29 9.72
3.98 3.09
3.84 -12.04
-7.98 7.51
-1.1 -8.79
-13.05 6.73
0.85 -12.17
-16.69 4
1.76 -12.95
-11.62 7.9
0.72 -10.35
0.59 -6.45
0.21 12.32
5.01 -9.96
0.46 -11.26
-0.32 -8.66
-1.48 8.81
4.63 9.33
7.48 -7.62
5.01 -11.26
2.03 6.47
6.44 -12.04
2.03 4
-16.82 4.13
-7.07 12.71
2.8 -12.69
2.16 8.03
-0.19 -9.83
1.63 -12.17
4.89 4.39
6.32 5.04
-11.36 7.64
17.75 -3.2
12.68 -2.81
3.06 -11.65
3.85 2.44
-13.83 6.73
-13.05 10.37
-8.24 9.07
14.76 -5.02
-5.12 11.54
0.98 -7.62
-16.95 4.65
16.19 -3.33
8 -11
5.01 -8.4
6.32 4.13
-0.71 -12.04
-3.05 -4.37
0.85 -12.3
-10.97 11.02
-2.27 -11
11.64 -5.8
-0.19 -10.48
5.93 1.27
1.63 -11.13
4.89 6.47
16.45 -4.76
-6.04 -1.51
0.59 -11.26
-4.74 -5.93
-2.27 -10.61
-3.17 13.36
14.76 -8.4
12.42 -2.03
-11.23 6.34
17.23 -3.85
14.5 -6.84
2.94 11.02
1.63 -13.34
2.16 6.34
-15.52 4.52
-12.79 6.73
3.33 2.7
-4.34 13.75
4.24 8.94
-9.93 9.59
-4.86 9.59
-5.64 8.42
0.72 -7.49
-11.49 10.24
-5.12 12.97
13.46 -5.8
5.66 -13.08
-8.5 9.07
2.42 4.52
1.37 -7.62
14.5 -4.89
-4.47 8.16
-0.57 8.03
11.25 -11.78
-0.7 9.2
9.17 -11.13
5.66 -9.83
14.76 -8.92
-3.96 -7.49
-2.66 -3.33
-17.6 3.74
-13.31 4.13
0.99 7.38
3.85 3.74
14.63 -5.41
-9.15 11.54
3.58 -11.13
12.68 -8.53
8.78 -11.78
-1.09 9.59
5.67 7.25
-12.27 11.54
11.9 -5.54
-3.17 11.67
2.29 2.31
-4.47 12.58
9.3 -9.44
12.68 -7.88
6.05 -9.31
-11.88 3.22
-3.83 -8.27
-11.49 5.82
-10.06 9.46
13.98 -10.35
0.86 11.54
10.73 -7.49
14.11 -3.98
-4.47 13.49
-7.98 10.89
8.91 -8.4
2.94 4.78
-1.74 9.2
-5.13 -7.62
-0.44 9.72
15.67 -3.72
3.98 1.53
2.93 -9.83
5.01 -10.48
6.58 3.87
-4.35 -4.11
6.96 -11.78
-5.65 -7.62
-10.06 10.24
-1.75 -3.98
1.77 11.54
-1.48 8.42
-3.56 8.29
6.19 1.66
0.85 -9.7
-9.67 6.99
-13.96 2.57
-15 3.61
-13.83 8.16
-12.01 5.82
-3.18 -6.71
13.59 -9.57
-14.87 7.77
-5.77 8.68
-3.95 9.07
9.43 -12.69
11.25 -11.13
0.73 5.82
-3.96 -5.28
-1.1 -10.09
1.38 6.73
0.46 -7.49
2.16 4
6.71 1.4
7.1 4.78
-1.61 8.68
-4.22 -4.24
-4.47 8.16
-15.13 8.81
-10.58 10.63
14.89 -5.02
2.93 -11.13
0.86 12.19
4.23 -8.4
1.5 -8.92
-3.05 -7.49
2.02 -8.53
14.76 -1.12
2.03 11.93
1.5 -11.91
-0.45 -7.62
-3.05 -6.45
-8.24 11.15
-2.27 -11
-6.69 -5.8
-6.17 -1.9
2.81 1.53
6.7 -9.05
9.82 -7.1
-8.63 9.2
13.33 -6.19
-7.33 9.85
-13.31 4.52
-9.02 8.03
-5.26 -6.97
16.58 -4.11
-2.91 8.16
13.98 -3.98
-0.32 -9.44
-9.28 8.55
-2 8.29
7.48 -9.57
-3.96 -9.31
-12.01 10.37
-7.08 -2.94
-12.92 2.18
2.8 -10.35
11.9 -11.78
-17.47 3.22
13.46 -4.24
1.5 -13.21
-7.98 9.59
6.7 -8.53
-5.13 -4.63
1.25 8.42
11.64 -4.5
-4.87 -6.71
-12.4 11.41
-1.74 8.81
-0.84 -10.35
-3.82 9.72
5.02 5.43
14.5 -6.84
-6.68 8.42
-5.38 10.63
2.03 3.48
-1.88 -6.97
5.67 5.04
2.68 6.99
4.23 -11.39
12.03 -9.05
2.15 -13.21
-11.23 10.11
-10.06 6.08
-1.35 8.55
0.59 -9.57
-4.22 -5.54
-2.4 -11.13
11.51 -11
13.98 -8.79
-9.67 12.58
7.36 4.13
0.46 -12.82
-15.91 6.86
13.72 -3.33
-0.96 7.38
1.12 10.24
2.55 6.47
10.86 -7.36
9.17 -8.27
5.27 -9.96
-15 6.34
-4.09 -3.98
3.19 -11
5.92 -13.47
0.98 -8.79
-13.18 4.13
5.93 6.6
-5.64 9.59
15.93 -3.98
-16.17 3.09
-2.79 -4.76
-12.92 7.12
2.02 -9.57
-6.17 -1.12
16.32 -7.36
0.99 10.11
9.17 -9.96
1.38 8.81
-4.34 13.1
1.64 11.54
16.45 -2.42
-5.91 -5.8
13.72 -7.49
-4.6 8.03
-7.85 7.77
4.49 -12.69
-3.05 -3.07
15.93 -1.64
-14.35 1.79
-17.47 4.39
-15.91 6.47
1.76 -8.27
4.88 -8.53
7.62 1.01
2.41 -10.48
-11.23 4.65
12.68 -10.22
-4.09 -2.81
8.13 -10.61
2.03 2.7
16.97 -4.89
6.58 3.74
-5.12 10.11
-14.61 4.65
11.77 -3.33
14.37 -4.11
-0.19 -7.88
12.81 -4.76
3.07 3.48
3.07 6.34
1.5 -11.78
4.75 -11.13
14.76 -7.49
-10.58 7.12
0.99 5.04
-17.6 2.44
2.68 3.22
-6.3 -6.32
4.62 -9.05
-2.14 -4.89
-6.81 10.37
10.08 -9.7
-10.71 10.89
3.84 -12.56
-13.96 7.64
3.32 -13.21
-6.81 9.33
-6.68 11.8
-7.73 -1.12
-3.05 -11
-3.18 -4.11
1.25 11.02
6.18 -13.47
1.9 7.9
12.29 -1.64
-3.82 12.32
7.75 1.4
-10.19 7.12
7.88 2.05
-3.18 -9.18
6.7 -9.83
-11.23 10.76
-7.59 8.16
11.38 -9.31
14.76 -7.75
14.24 -1.25
1.63 -9.05
-10.19 7.38
-0.05 7.38
-0.7 11.02
5.15 3.74
-4.35 -9.44
-2.01 -10.09
-4.09 -5.8
-6.17 -5.67
-11.36 9.33
-5.26 -5.8
12.94 -7.36
16.45 -2.81
7.36 1.14
3.45 -8.53
-7.21 -2.81
11.38 -6.58
1.9 6.08
12.16 -4.5
-13.44 4.78
-0.31 7.25
13.85 -7.49
1.64 8.29
3.45 -13.34
-4.09 -6.71
0.47 11.15
-0.83 8.81
2.42 1.27
-8.11 11.28
12.29 -3.59
16.84 -6.32
-6.68 8.68
0.33 -9.96
3.85 6.6
-2.91 13.49
15.28 -3.72
-1.49 -8.27
-15.39 8.55
-1.87 9.2
-5.65 -5.54
3.06 -9.57
10.99 -9.57
-0.05 11.15
-7.46 8.03
12.94 -5.28
13.72 -3.46
13.07 -9.44
2.02 -9.31
-13.18 11.02
-2.53 -8.14
-2.53 -3.72
-7.72 12.58
-0.18 8.29
-3.69 7.9
3.06 -10.22
-3.57 -7.88
-15.78 2.44
-3.31 -1.77
-2.52 7.64
1.38 5.82
-15.65 6.6
-1.62 -8.66
12.42 -6.32
7.23 1.66
7.22 -10.09
11.64 -9.18
-12.92 2.31
0.07 -6.58
-9.02 11.41
13.07 -4.76
-16.82 3.87
-13.31 1.92
3.58 -9.96
10.47 -11.13
1.12 6.99
2.16 10.24
12.42 -10.74
-1.75 -3.98
-0.06 -6.58
11.64 -11.13
4.89 5.3
12.16 -8.92
-5.38 12.58
-9.54 12.84
3.2 10.5
1.24 -12.43
-8.76 11.28
9.56 -10.22
12.29 -8.92
5.01 -13.47
-0.06 -11.52
9.56 -9.18
-1.09 11.15
4.23 -10.48
3.72 8.68
-15.52 5.04
3.32 -12.17
4.23 -8.4
-12.27 7.12
-11.49 7.38
-3.05 -3.59
2.81 9.98
-0.32 -6.97
11.25 -10.61
-13.7 1.4
13.85 -1.9
2.15 -12.17
12.81 -2.68
-3.95 10.37
-17.34 2.31
-0.57 9.59
9.82 -10.48
-2.65 11.02
-15.78 3.87
1.51 3.74
-11.36 10.11
-1.1 -11
2.42 7.9
-4.47 13.23
-3.05 -8.66
-6.17 -5.67
5.53 -10.35
11.51 -7.49
17.49 -1.77
3.45 -9.05
-2.01 -3.98
-0.84 -6.19
-15.52 1.27
11.9 -4.24
-3.83 -1.51
-13.31 9.98
0.6 11.93
6.58 1.4
3.06 -9.44
-14.48 5.82
-1.1 -9.57
11.38 -10.87
1.5 -7.62
-9.02 10.89
-4.87 -1.12
-8.76 9.85
6.71 1.14
13.2 -2.55
-2.13 8.94
10.86 -12.56
-12.01 4.39
-4.73 9.85
-5.91 -3.72
-5.39 -2.68
-2.92 -9.96
0.21 10.11
-1.75 -10.87
16.97 -4.89
6.18 -10.22
-12.4 7.51
-12.27 6.47
10.47 -10.48
-12.92 7.77
-3.04 10.37
-4.61 -6.19
-14.87 7.64
-7.46 12.58
-3.44 -6.97
-2.79 -10.48
12.68 -9.7
2.29 4
9.56 -8.4
-5.77 8.81
-15.39 7.77
-16.82 2.83
2.93 -8.27
13.85 -4.11
12.94 -7.75
-6.43 -5.02
8.13 -12.3
12.29 -6.32
4.24 8.29
-6.81 10.89
-1.74 10.89
-15.39 5.43
-0.83 8.03
4.5 7.38
7.61 -7.62
13.07 -4.11
-3.95 10.24
-7.72 9.46
-5 -2.42
0.46 -6.71
-13.44 1.92
-9.67 9.59
-2.78 13.49
12.03 -8.14
12.55 -4.24
1.64 8.16
-3.44 -4.11
-2.14 -11.65
-3.31 -3.46
-6.42 8.03
2.81 7.9
-4.86 12.97
9.3 -11.13
-15.52 2.57
-9.02 11.67
-1.36 -6.84
7.48 -8.79
3.58 -9.05
-5.9 11.15
10.73 -6.97
2.93 -11.91
-0.83 12.06
2.68 2.83
-10.58 11.28
-4.48 -4.11
-12.14 9.33
-1.88 -5.41
1.25 4.26
-0.58 -6.32
-0.44 7.9
-9.54 10.24
3.98 7.38
12.42 -3.33
13.59 -5.15
1.25 10.89
-1.23 -8.27
-5.12 11.93
-4.09 -6.84
5.8 7.77
-7.47 -2.03
6.19 4
2.81 5.43
-5.12 8.81
2.29 1.79
-1.75 -6.97
12.16 -7.36
-10.97 9.98
14.11 -4.37
11.38 -8.01
-16.69 5.3
1.12 6.86
-13.18 1.4
-13.18 10.76
-14.61 7.38
-14.09 5.69
16.58 -3.85
8.91 -8.14
1.24 -12.04
-5.12 10.63
-7.21 -1.38
-3.82 13.36
-2.78 8.55
16.19 -5.02
-2.52 10.89
-1.1 -8.27
-12.01 1.53
4.11 1.66
13.46 -10.09
-3.69 10.24
-7.72 10.24
-0.32 -12.04
-13.05 10.89
14.5 -1.51
-4.61 -7.1
9.82 -12.43
10.21 -8.92
-6.82 -5.41
7.48 -9.7
14.63 -3.07
-6.95 -1.77
10.34 -9.44
2.93 -11.26
1.24 -11.26
6.06 6.86
-4.22 -3.85
9.82 -9.05
-11.23 8.55
-7.98 10.24
3.58 -11.91
-6.94 8.81
-10.97 9.98
15.67 -3.85
-6.82 -1.9
6.06 7.12
12.03 -2.16
-10.71 7.9
-3.17 13.23
1.37 -13.21
13.72 -7.75
2.81 6.08
-13.96 5.95
-4.61 -5.67
-2.14 -9.44
-0.83 6.73
5.41 8.29
-15.91 3.22
8 -10.48
11.51 -10.35
7.1 5.3
8.52 -11.13
-5.91 -6.32
-11.75 10.37
-2.66 -3.59
-12.4 6.6
-10.19 12.58
17.49 -3.98
-7.33 8.55
-12.4 6.86
12.29 -5.28
2.81 4.13
-12.79 8.81
-1.75 -8.14
-4.87 -2.42
2.02 -11.39
-13.83 5.82
-13.7 1.79
-4.08 11.8
-14.61 7.12
0.86 9.72
6.96 -11.13
2.81 1.01
6.44 -10.35
12.55 -11.26
-14.22 6.6
-10.32 6.73
2.16 1.14
2.16 1.14
10.34 -10.61
1.12 7.77
-6.82 -2.03
-9.28 9.2
0.33 -8.92
13.46 -2.03
-11.88 10.89
-13.31 8.03
-14.09 6.73
10.99 -4.89
-13.31 1.92
-14.87 2.57
-10.19 11.28
-6.82 -6.32
-3.95 13.62
-16.3 5.95
10.34 -11.26
17.49 -3.07
16.84 -4.5
-12.14 4.52
-12.92 3.61
6.97 4
5.27 -11.39
0.2 -12.69
14.11 -3.98
-5.25 8.94
14.76 -9.31
16.84 -2.42
-1.61 11.67
-7.98 8.03
2.55 9.33
-0.06 -11.13
8.52 -9.96
-1.36 -10.48
0.6 7.38
9.82 -9.05
10.99 -6.58
4.23 -13.21
-2.26 10.89
-9.54 6.34
4.23 -10.61
-7.59 10.37
-6.3 -2.16
-5.78 -6.45
-8.76 8.16
-11.75 9.98
-16.43 6.6
4.76 5.3
-8.76 12.71
17.62 -2.55
-3.17 9.2
-0.58 -10.22
-4.6 8.16
-8.76 10.11
-6.69 -2.55
4.37 5.04
-5.9 13.36
1.5 -8.4
-7.2 8.42
-0.44 7.38
1.25 4.91
-0.83 12.71
-1.61 8.68
-16.82 1.79
-0.44 7.38
13.33 -6.32
-16.17 6.21
16.84 -2.68
-2.4 -2.16
3.98 4.52
-3.17 11.28
11.25 -7.75
-15 2.18
-4.08 9.85
6.7 -8.53
0.98 -10.09
-2.79 -6.19
12.68 -8.14
1.51 4.26
16.06 -1.9
5.93 5.3
-1.23 -11.26
-4.35 -4.63
-4.22 -7.49
10.6 -5.93
10.08 -8.14
6.45 4.13
-0.05 7.77
-13.05 9.2
10.34 -8.53
6.06 6.08
7.74 -11.13
-3.18 -7.62
2.67 -8.27
-3.44 -5.93
0.98 -11.91
-3.43 10.24
4.88 -11.91
-14.09 8.42
5.92 -8.92
-0.06 -10.35
15.67 -1.64
12.42 -1.77
-5.78 -2.94
-13.83 10.37
10.6 -10.48
-3.95 10.11
-13.44 10.24
13.46 -1.77
3.07 8.29
-8.24 10.76
9.82 -6.58
-8.89 9.07
3.33 8.55
-6.43 -6.32
16.06 -4.63
-4.22 -6.97
3.71 -11.91
-9.8 12.45
13.33 -2.29
-4.99 12.19
3.72 4.52
8.78 -10.22
0.72 -13.08
-3.05 -1.9
-6.04 -7.1
-13.7 5.04
0.73 7.38
8 -13.21
-1.61 9.72
8.52 -10.09
-10.06 12.84
1.25 6.6
-13.31 8.03
-3.44 -6.84
12.94 -10.74
-4.99 10.89
-4.08 10.76
-3.44 -8.4
-5.52 -4.24
17.23 -1.77
-10.06 8.81
-5.78 -4.11
15.15 -6.97
-12.66 9.59
12.81 -4.11
-15.26 3.74
-0.19 -8.53
-9.02 7.12
-1.74 7.51
-15.39 5.95
6.44 -10.48
-4.09 -10.09
-6.16 8.81
-13.31 5.3
-1.48 13.49
2.94 7.25
-2.78 9.72
-8.89 9.72
-7.47 -3.98
